3 57
1 68
2 102
1 175
2 51
1 232
2 212
1 175
1 353
2 189
3 104
1 123
1 165
4 72
2 212
1 269
1 85
4 72
3 153
1 269
9 256
1 32
1 154
1 3
1 170
2 244
1 152
2 116
4 72
1 10
2 140
9 368
9 26
1 201
1 269
1 250
1 102
1 32
1 114
1 30
1 265
2 62
2 189
1 146
9 26
1 58
1 77
1 266
1 62
1 218
1 140
9 32
1 34
3 83
1 265
1 167
1 68
1 143
1 201
1 144
3 153
2 102
2 144
1 167
2 102
2 51
9 368
3 89
1 60
1 3
1 134
1 34
9 256
1 21
2 62
1 12
1 144
1 84
2 62
9 368
2 116
1 152
9 256
1 167
1 218
9 165
1 68
1 4
2 120
1 167
1 218
1 16
2 212
1 227
3 83
1 14
4 72
4 89
3 153
1 62
1 76
1 62
2 116
1 3
2 81
3 222
3 104
3 89
1 11
1 73
2 250
1 175
1 62
3 89
1 114
9 165
1 165
2 73
4 141
3 57
1 17
4 305
1 114
2 102
1 34
9 26
1 14
2 144
2 439
3 222
2 116
2 144
4 72
4 305
2 73
2 102
4 72
1 32
1 179
1 16
1 179
1 269
7 57
1 32
1 248
3 153
9 368
3 64
1 140
1 218
1 248
1 14
1 114
9 32
1 116
1 302
1 90
4 141
1 11
2 189
1 143
1 62
1 102
1 116
1 250
1 85
1 68
1 76
2 116
1 76
1 179
1 85
1 32
3 89
3 104
1 146
2 120
1 134
1 248
1 353
2 144
2 116
1 81
1 123
1 123
1 48
2 140
3 153
1 309
1 302
1 353
1 73
9 368
2 140
4 305
1 3
1 152
1 227
1 309
3 57
1 193
9 165
1 353
1 143
1 21
2 146
4 72
3 83
9 256
1 265
1 123
1 68
1 81
2 41
1 123
1 62
9 107
1 302
2 189
2 225
3 153
1 68
3 83
1 76
2 189
1 77
1 116
1 30
1 26
4 89
3 153
1 179
1 167
1 165
2 212
1 68
1 302
2 140
1 26
7 57
1 30
1 14
1 21
9 107
9 32
1 30
1 16
2 51
2 212
1 84
9 107
2 146
7 57
1 58
7 57
1 4
2 439
1 68
1 244
2 65
2 134
2 225
1 81
1 271
1 266
2 140
1 77
1 165
1 232
1 484
1 140
2 68
1 26
1 170
1 143
2 51
1 14
1 85
1 76
1 34
2 68
3 153
7 57
2 134
6 107
2 225
1 140
2 116
1 170
1 73
2 116
1 14
1 309
2 144
1 134
1 11
1 77
1 154
9 368
2 120
1 309
7 57
1 14
4 72
1 30
1 4
9 165
1 90
1 85
3 57
1 3
1 48
1 269
1 269
1 58
1 60
1 60
1 11
1 30
2 62
2 144
2 225
7 57
3 83
1 154
1 30
1 271
1 175
9 165
1 90
1 81
9 165
3 89
1 21
1 84
9 165
7 57
1 266
1 140
1 227
1 102
2 62
1 85
1 76
1 85
1 201
1 134
9 26
1 68
1 4
2 116
1 140
9 165
3 89
1 265
1 373
1 232
4 141
1 60
2 146
1 144
3 70
2 73
1 146
1 114
1 227
2 140
2 146
1 26
1 152
1 11
1 193
1 143
4 89
1 4
1 34
1 4
1 10
1 81
4 305
3 57
1 73
2 144
1 60
2 41
3 153
2 81
1 114
2 116
1 154
9 368
1 76
1 48
2 81
1 368
4 72
2 120
1 12
1 11
9 165
1 114
9 256
2 120
1 140
3 104
1 90
2 68
1 269
1 32
1 244
1 123
2 102
4 72
2 439
9 256
3 222
1 144
1 248
1 62
3 89
3 89
1 248
1 269
1 48
1 309
1 84
1 30
1 60
9 368
4 141
1 11
1 90
9 256
4 141
2 65
1 175
1 30
2 134
2 140
2 144
9 26
2 250
1 167
1 232
9 26
6 107
1 123
1 102
1 32
9 165
2 225
1 232
1 167
2 146
1 77
3 70
1 143
9 368
2 146
1 90
271 191
182 273
317 411
106 314
432 371
443 257
101 232
225 215
96 14
53 384
77 215
92 94
5 100
25 218
254 209
201 25
245 148
283 13
206 422
100 186
148 464
160 361
202 392
240 441
199 468
350 173
164 353
142 49
417 317
31 400
330 242
248 173
387 51
361 76
170 99
378 415
255 57
65 144
116 453
189 307
300 150
287 67
59 460
448 464
351 267
193 280
77 392
99 58
107 140
411 210
447 136
456 55
332 99
262 357
254 456
424 103
164 429
236 409
281 163
279 19
71 235
228 240
45 415
115 252
305 303
301 18
15 392
365 107
55 65
250 3
7 196
213 135
250 283
162 383
124 203
88 258
356 11
368 238
20 11
195 76
168 31
19 129
237 377
301 75
317 361
425 462
142 196
68 428
294 207
22 424
212 88
274 177
152 179
249 96
368 135
129 267
296 10
197 269
442 7
409 233
172 405
200 87
114 62
432 160
202 95
306 437
17 445
472 96
50 333
351 188
11 297
35 408
53 445
86 272
37 71
6 193
196 103
363 63
386 29
265 457
112 135
255 318
110 96
357 13
14 29
394 289
207 447
335 316
212 442
196 334
283 331
472 160
3 262
277 282
338 123
256 460
231 437
209 460
100 459
135 16
91 148
298 158
442 403
336 29
81 187
31 250
63 305
35 297
208 162
455 3
457 25
336 211
293 25
125 173
78 171
10 215
235 217
300 292
101 293
246 318
41 147
168 198
403 177
351 334
249 302
213 66
132 42
204 186
411 13
475 213
262 388
199 3
382 164
249 40
127 190
257 300
442 355
235 71
7 188
56 465
346 290
311 89
24 280
437 297
36 139
319 253
343 376
234 55
154 388
222 131
300 237
29 343
332 200
436 2
221 421
382 384
88 388
168 149
258 66
249 390
355 43
213 330
53 197
169 106
4 318
437 406
403 89
448 221
98 313
137 239
136 194
52 421
432 339
405 155
302 49
426 94
453 151
449 377
394 215
79 164
373 349
457 389
414 54
392 421
154 25
467 266
40 168
95 442
362 160
374 213
231 57
80 468
109 316
295 361
96 182
286 160
15 338
464 431
175 388
153 89
437 304
199 119
311 63
242 194
400 26
457 365
212 361
179 219
112 38
160 318
363 125
110 427
343 53
457 312
368 385
450 2
418 168
410 150
402 122
14 94
103 6
122 58
378 159
298 460
218 92
343 94
31 10
121 334
48 23
116 217
148 404
98 362
246 65
294 306
322 168
366 25
53 378
438 18
146 177
212 45
38 68
329 464
141 11
233 79
135 42
447 284
75 356
62 66
403 87
438 447
419 42
353 30
351 55
128 341
454 240
290 251
119 234
233 364
317 462
437 336
105 255
252 440
266 322
359 139
468 151
266 334
291 278
367 26
243 158
226 129
449 105
416 3
121 468
251 288
87 356
381 222
166 322
7 115
222 315
65 196
113 57
174 345
159 411
40 294
421 244
326 175
77 1
393 208
321 16
319 161
165 341
286 222
195 166
358 283
434 207
337 298
471 325
61 312
291 467
303 131
20 17
44 326
245 126
355 222
27 421
51 116
409 260
350 152
432 58
256 122
58 393
422 187
355 83
293 112
416 196
316 123
126 30
287 429
299 27
180 349
8 386
3 366
402 160
63 257
156 19
347 390
22 25
219 447
72 102
397 68
12 181
266 314
225 403
355 178
163 409
178 317
314 386
135 292
252 429
377 228
302 131
417 54
213 418
443 418
377 350
398 273
305 195
282 11
203 399
439 305
168 31
230 2
17 14
155 194
262 400
244 59
398 220
94 222
458 67
186 296
412 37
213 65
392 142
107 275
272 93
439 114
395 100
215 289
401 256
123 200
352 207
62 85
409 458
356 284
338 286
94 81
399 117
342 275
431 347
74 161
468 139
261 257
166 267
91 415
175 252
374 414
379 213
467 457
270 421
21 36
417 360
67 318
464 426
417 386
91 399
51 75
378 204
149 316
363 186
450 266
179 180
386 94
30 113
296 200
254 127
139 338
304 233
446 15
203 377
394 303
459 262
67 237
364 16
255 186
75 115
243 174
281 96
145 190
355 103
191 334
227 96
323 83
42 274
385 331
301 359
145 326
436 163
105 454
