6514 976
5069 467
109 308
8209 744
3464 549
8209 744
3670 265
8800 395
1418 161
8168 489
4989 768
6062 905
5424 289
7409 947
8019 912
9102 15
3910 837
5541 591
4380 296
477 832
7408 599
8548 778
3071 439
563 18
319 875
3434 16
1927 391
4006 978
6182 882
881 552
1390 854
4006 978
5771 864
7394 927
8881 305
2501 257
2903 108
4950 84
8019 912
4707 640
9102 15
3071 439
8881 305
3464 549
2176 585
8168 489
7096 970
9328 43
3071 439
3071 46
4337 264
4594 80
8548 778
3168 932
9102 15
5424 289
6182 882
3071 46
8548 778
4849 753
4266 551
5943 54
2161 992
2356 93
4079 995
3071 439
2561 110
3071 439
4079 995
109 308
2231 291
4849 753
1952 264
7394 927
4266 551
7947 878
7409 947
1927 391
7408 599
1327 59
2832 946
2561 110
46 699
7947 878
9412 544
8019 912
5962 909
5879 141
9102 15
9557 556
7096 970
2832 946
6785 448
8881 305
8879 810
1418 161
2161 992
477 832
5943 54
4380 296
4776 503
9328 43
5771 864
1945 192
1952 264
7394 927
1061 977
4594 80
8763 176
4011 354
1418 161
8209 744
4849 753
6785 448
1568 362
3071 46
109 308
3670 265
1471 921
1568 362
5069 467
4006 978
7096 970
3910 837
7947 878
6112 953
6112 953
1478 828
2903 108
4707 640
4011 354
1478 828
5943 54
8881 305
477 832
1927 391
3071 439
404 801
46 699
1478 828
9328 43
5943 54
6785 448
739 633
1478 828
5541 591
2501 257
2356 93
2383 658
2832 946
7947 878
4079 995
4776 503
3565 909
2231 291
3178 561
5943 54
5879 141
3434 16
3434 16
1418 161
5362 208
1327 59
1418 161
739 633
1471 921
4992 395
1952 264
3670 265
5014 468
5069 467
2501 257
7096 970
1327 59
4011 354
5771 864
5593 495
4079 995
1952 264
5771 864
7417 747
3372 93
4849 753
4707 640
7408 599
1945 192
9102 15
3670 265
4950 84
46 699
2161 992
2176 585
5362 208
7417 747
3071 439
3717 796
6645 584
5014 468
2356 93
3168 932
3168 932
9412 544
9328 43
2231 291
9557 556
4380 296
319 875
5014 468
477 832
4950 84
9412 544
5362 208
881 552
1471 921
3717 796
7957 624
6112 953
2231 291
7409 947
1418 161
5943 54
3372 93
2570 589
2903 108
1952 264
3434 16
46 699
404 801
3910 837
46 699
4266 551
5520 442
1061 977
4992 395
8763 176
3168 932
7657 240
893 737
1418 161
8800 395
2832 946
8168 489
2501 257
2161 992
563 18
5879 141
3178 561
2161 992
6700 240
3910 837
3464 549
109 308
6700 240
3071 439
5362 208
8763 176
3717 796
1471 921
4380 296
2570 589
477 832
1568 362
4006 978
7096 970
6514 976
4011 354
8168 489
3434 16
3434 16
4079 995
893 737
3071 46
3071 46
2570 589
1927 391
6514 976
5879 141
8119 674
2161 992
7408 599
6848 163
477 832
3670 265
7159 202
7408 599
6514 976
5541 591
2570 589
8548 778
2383 658
8763 176
2903 108
3071 439
319 875
9102 15
3071 46
881 552
477 832
9214 930
3372 93
9214 930
5014 468
4594 80
3464 549
8209 744
4380 296
8168 489
4992 395
8881 305
9328 43
7408 599
6645 584
3071 46
4011 354
4011 354
6182 882
1862 240
8119 674
3464 549
8168 489
4006 978
6700 240
4011 354
3168 932
3910 837
1945 192
5943 54
4337 264
1327 59
2231 291
3372 93
4011 354
9412 544
4594 80
9412 544
8879 810
3910 837
881 552
5962 909
3372 93
8800 395
4992 395
8209 744
1568 362
4950 84
5520 442
4079 995
319 875
7417 747
9214 930
1674 296
3071 46
1927 391
2383 658
1862 240
563 18
7409 947
9328 43
5879 141
404 801
9557 556
5541 591
4380 296
6062 905
319 875
8119 674
6112 953
3178 561
1945 192
5424 289
8879 810
4006 978
1674 296
2561 110
9328 43
7657 240
563 18
1862 240
7096 970
7957 624
2501 257
1927 391
9412 544
1862 240
8119 674
3071 46
5879 141
4337 264
4011 354
8879 810
8881 305
319 875
1674 296
8879 810
6514 976
4776 503
404 801
2501 257
9557 556
8168 489
3071 46
4594 80
2356 93
9214 930
7394 927
404 801
1927 391
404 801
5520 442
1327 59
477 832
4380 296
1478 828
4337 264
5014 468
46 699
7957 624
5943 54
3717 796
477 832
8548 778
3666 157
3666 157
8209 744
8548 778
2383 658
1927 391
2832 946
3178 561
8548 778
6700 240
1471 921
46 699
5424 289
6514 976
3071 439
739 633
9557 556
8800 395
4707 640
1674 296
7408 599
5014 468
7957 624
4079 995
8168 489
3168 932
2356 93
563 18
8019 912
3670 265
7408 599
8879 810
9102 15
7409 947
2176 585
5962 909
5541 591
5943 54
8168 489
4594 80
1471 921
4776 503
2570 589
1061 977
3670 265
8019 912
9557 556
4594 80
3168 932
1061 977
4950 84
5771 864
8879 810
1390 854
5541 591
3670 265
6785 448
4776 503
9412 544
3434 16
9557 556
9214 930
6182 882
7408 599
6645 584
6182 882
2561 110
1952 264
7947 878
1945 192
7408 599
5362 208
5943 54
7417 747
3565 909
4989 768
1061 977
5520 442
4776 503
3666 157
109 308
5879 141
893 737
739 633
1952 264
2356 93
1674 296
739 633
1471 921
4337 264
9328 43
404 801
8800 395
7408 599
8800 395
3565 909
1478 828
2383 658
4950 84
8879 810
4950 84
8209 744
3565 909
7159 202
9557 556
8881 305
4079 995
3071 46
1327 59
6182 882
4992 395
8209 744
7657 240
1390 854
3910 837
1061 977
477 832
3910 837
6700 240
5362 208
8800 395
1418 161
4011 354
8119 674
1478 828
8209 744
8548 778
8800 395
1862 240
3071 439
8119 674
2176 585
5520 442
2161 992
1471 921
893 737
5771 864
5541 591
4594 80
8879 810
4337 264
6700 240
2383 658
2501 257
2832 946
1945 192
319 875
881 552
319 875
4992 395
6182 882
5014 468
46 699
9328 43
3666 157
8119 674
7417 747
2383 658
2501 257
7159 202
8800 395
9557 556
9557 556
3071 439
8548 778
3071 46
9102 15
319 875
8548 778
893 737
4992 395
5069 467
3670 265
477 832
3666 157
881 552
6848 163
1061 977
4266 551
2501 257
1327 59
3666 157
109 308
6785 448
1945 192
5541 591
4079 995
739 633
5879 141
739 633
5014 468
7408 599
1327 59
2231 291
3464 549
1478 828
2501 257
3372 93
4776 503
1927 391
9214 930
3528 540
5362 208
2903 108
9102 15
5943 54
8800 395
5962 909
3168 932
5362 208
8168 489
1945 192
6514 976
5943 54
5541 591
2161 992
7657 240
1927 391
8548 778
5943 54
1862 240
4992 395
5962 909
2161 992
3168 932
3717 796
1674 296
3666 157
7657 240
3168 932
477 832
8209 744
2501 257
2832 946
4707 640
6785 448
893 737
6146 853
6182 882
5593 495
109 308
3666 157
5541 591
3372 93
46 699
881 552
4011 354
2231 291
9102 15
3071 439
881 552
4006 978
5362 208
2570 589
1862 240
1390 854
6112 953
893 737
4006 978
7159 202
4950 84
893 737
1674 296
3168 932
1061 977
4079 995
1952 264
8763 176
1927 391
3670 265
8879 810
2231 291
3434 16
8800 395
2561 110
8800 395
3071 46
7408 599
8881 305
3910 837
1478 828
893 737
2570 589
4849 753
7947 878
1478 828
7409 947
2161 992
3565 909
3434 16
4992 395
9102 15
1927 391
6645 584
1568 362
3434 16
6062 905
893 737
2176 585
563 18
3071 439
1674 296
8019 912
563 18
8763 176
563 18
8119 674
7657 240
8548 778
5069 467
3717 796
9557 556
4849 753
4989 768
3565 909
3528 540
5771 864
319 875
1061 977
1478 828
6848 163
739 633
9412 544
4011 354
2231 291
2356 93
5520 442
3910 837
8763 176
7657 240
2383 658
5362 208
739 633
1568 362
739 633
2501 257
6062 905
3528 540
563 18
3717 796
4079 995
6112 953
1390 854
5014 468
9412 544
8209 744
2561 110
1390 854
8881 305
1390 854
5069 467
5962 909
8800 395
6062 905
4079 995
4992 395
2570 589
4950 84
4992 395
5593 495
4266 551
46 699
4989 768
4266 551
477 832
2161 992
6182 882
6514 976
2832 946
2383 658
7947 878
2832 946
563 18
5424 289
5014 468
8800 395
319 875
4006 978
1418 161
1674 296
2832 946
8800 395
4079 995
8209 744
2176 585
3434 16
4337 264
3434 16
4707 640
6112 953
8119 674
8548 778
1862 240
5014 468
1952 264
1471 921
3434 16
8881 305
109 308
4594 80
8800 395
2832 946
5541 591
9557 556
2561 110
3670 265
4776 503
2356 93
3434 16
8881 305
4776 503
5069 467
8168 489
1327 59
5014 468
3372 93
4989 768
8879 810
4266 551
4776 503
5424 289
2231 291
1674 296
9412 544
2383 658
7657 240
6112 953
893 737
9328 43
7394 927
5879 141
7408 599
2383 658
8800 395
5962 909
5771 864
5943 54
2570 589
9214 930
4992 395
4594 80
8881 305
109 308
5771 864
1327 59
739 633
9102 15
881 552
3372 93
9557 556
5771 864
6848 163
477 832
4776 503
7657 240
3464 549
2570 589
6848 163
1418 161
2383 658
5541 591
8168 489
3372 93
2231 291
2176 585
3666 157
4079 995
8209 744
4380 296
4266 551
8879 810
2903 108
5879 141
3434 16
6146 853
7417 747
404 801
7417 747
5771 864
9557 556
1952 264
1061 977
6062 905
5362 208
2561 110
5879 141
893 737
4992 395
7408 599
7409 947
5943 54
1390 854
3168 932
3178 561
9412 544
9102 15
5362 208
739 633
1674 296
893 737
6146 853
2561 110
3717 796
5962 909
8548 778
5362 208
8881 305
893 737
4849 753
4989 768
3071 439
5879 141
2561 110
6062 905
477 832
8548 778
5520 442
7657 240
4266 551
3464 549
46 699
3071 46
1061 977
7409 947
6112 953
1061 977
8548 778
3464 549
4266 551
1061 977
1862 240
4266 551
109 308
4011 354
3670 265
7096 970
3910 837
4849 753
8881 305
6514 976
7394 927
7947 878
7417 747
6645 584
3464 549
4266 551
5520 442
4266 551
2161 992
3565 909
6182 882
5771 864
6062 905
3178 561
46 699
4380 296
46 699
46 699
8800 395
9102 15
1952 264
8881 305
7096 970
5069 467
5520 442
9557 556
2832 946
6645 584
6785 448
4011 354
3464 549
805934 76
217774 350
266015 160
822182 248
556486 841
123077 413
929814 343
153922 590
819615 447
591649 789
516069 700
882438 172
599639 451
986200 634
17798 284
966496 87
272413 744
186028 837
168014 585
112557 875
105541 700
539229 343
228794 581
626371 804
428315 254
606742 130
951903 539
870313 961
982049 951
576812 279
571999 590
76340 657
788310 85
930259 332
78951 443
675842 812
228141 946
802824 238
854629 78
237199 551
663497 290
353772 646
659111 79
231792 174
122317 286
90182 459
895232 451
801157 750
446663 918
815425 449
412368 586
121041 641
735052 296
311990 512
21692 722
245507 927
760459 818
80237 497
420833 527
409934 175
906597 501
715681 306
933025 663
706742 672
608295 312
623035 727
581979 238
290222 739
85597 863
256317 778
715377 248
611240 985
171546 895
589478 866
731523 761
464563 468
383205 146
667617 745
406694 252
273287 85
425663 132
130883 929
227365 190
518837 982
60898 717
574808 467
982986 212
431440 968
652267 135
855751 990
12105 788
935922 744
429910 847
656663 928
877478 28
573619 769
72768 144
75430 770
335515 807
385923 885
121659 95
282953 268
512099 184
176663 131
609964 526
908923 130
272528 504
828228 758
259266 961
211830 610
79666 523
700440 149
95520 856
98076 443
581743 780
644996 969
962686 41
730651 626
254465 842
285773 562
359890 947
296261 226
770865 700
450098 497
239253 912
244970 441
199503 325
156053 159
918896 348
555276 527
306062 316
225443 174
171693 521
67572 207
171178 257
1431 392
386267 640
951227 699
635526 490
184510 930
822533 293
867880 231
334327 682
422021 157
667775 548
317376 924
454181 62
63098 545
383139 496
8375 630
791013 188
617858 466
253409 608
437519 969
408836 505
869768 977
737793 484
732867 905
307138 755
149715 290
139405 647
361400 559
525305 198
362280 269
157519 44
218165 270
103896 207
309857 493
797835 882
576116 777
341861 637
248561 587
213430 713
905686 62
22571 842
6005 459
913402 741
409309 807
954606 872
435871 838
568295 1
469449 156
307691 758
648646 696
541423 513
735598 585
261308 629
307549 380
9310 24
62606 822
296333 899
425535 279
930354 562
893047 225
334730 211
13228 200
770224 818
233855 321
951837 431
129812 583
27990 697
532460 794
536402 237
50053 584
294257 493
595768 441
116123 392
98701 55
88485 72
123321 850
498317 263
291565 619
526380 243
218525 875
128230 179
205271 934
239606 399
404345 494
449211 545
366344 549
251099 786
623080 27
204364 564
459829 668
467364 360
805166 609
446519 799
114679 21
128521 252
65053 338
658722 334
923266 354
620856 107
286996 782
214624 853
71536 70
113965 845
646589 153
930368 430
893547 863
738126 643
841402 499
984431 702
365016 174
849508 350
343073 446
223619 53
175301 76
655809 600
130121 209
523414 284
538291 252
756116 641
852820 718
805871 985
995147 586
343745 443
808639 926
253362 376
231862 64
902294 133
779560 502
313349 676
660585 809
234455 331
713298 464
595809 149
903299 162
178838 780
659244 983
282890 38
709889 606
237399 419
1650 297
962997 372
469223 932
207038 674
744172 268
910560 697
977473 545
364731 748
846385 363
258418 471
127214 159
132059 181
497940 52
736967 631
933504 600
75418 115
834454 909
995676 909
990378 162
406533 241
459174 988
494143 707
436301 836
69165 675
598831 41
463709 686
388376 901
271519 659
312317 197
372861 673
162630 653
405301 970
793925 97
312859 626
556262 130
858152 818
180338 873
735108 578
569820 259
638073 69
237800 705
833785 366
558999 851
865809 341
192189 945
629152 457
149151 87
381588 498
949857 643
8566 830
757709 267
673359 437
980067 953
73512 920
81617 208
774567 281
893946 141
533084 862
269979 573
65400 139
374756 250
644168 758
400299 31
558700 793
136028 935
698348 266
983837 44
557054 459
958887 209
446318 466
923923 471
879809 362
290331 362
213798 263
977411 546
178401 154
201323 549
784947 640
506919 110
888036 466
351483 886
104303 124
643737 294
193198 676
409090 615
119891 223
851427 104
266376 640
197151 994
747170 113
188198 11
167367 863
704895 146
1113 413
715630 630
150172 889
81245 800
625170 855
322297 916
329217 605
306238 859
294788 656
720343 24
478661 812
751101 686
97825 826
62359 365
237958 813
110884 626
704035 965
375876 737
450874 110
486342 966
929143 554
704887 297
302141 701
921370 275
27536 416
566202 159
704408 367
569817 702
154469 810
777426 880
342835 19
714439 126
817707 355
836210 786
819169 827
306572 842
822801 338
42190 741
992982 810
716775 85
340475 503
791037 941
104767 570
912009 252
269470 494
18245 581
49851 546
613478 38
579886 306
799766 130
661168 882
195319 574
949781 321
524672 277
280177 716
482705 927
818239 567
78543 282
17387 223
994553 231
425404 17
88785 960
259494 276
310782 172
532991 218
66974 649
330596 493
343408 612
105309 552
760747 141
338725 737
37905 78
640332 994
684404 8
186525 715
279521 759
354065 514
881981 961
705985 648
61392 920
131277 545
430030 44
76762 740
343242 347
501633 449
390845 970
579833 680
359867 938
503141 79
618125 236
932099 659
711611 556
693771 906
297961 676
264998 392
964627 566
785386 128
58548 759
556109 131
314945 248
85783 514
544272 488
667633 899
58461 436
614833 702
258385 430
637761 545
977746 969
920122 183
159883 143
68913 121
467254 29
438545 102
314907 257
878969 505
980495 70
122349 863
482376 756
508281 721
812717 842
427504 309
53910 269
366037 853
615494 987
295628 286
621148 881
448256 594
262538 366
581291 696
837414 523
966520 489
267794 49
157441 447
589022 669
233330 177
448283 921
285048 496
470365 701
411975 466
830049 610
581159 625
82329 788
150359 348
738807 843
683131 531
111033 575
545430 309
795433 41
49883 824
436002 659
619340 26
388975 33
10850 60
297969 505
69362 932
704786 785
823644 864
472363 26
310312 105
240719 280
834928 587
907941 166
311198 212
73662 317
211966 560
938997 144
390501 418
96639 498
991973 70
297386 459
579306 121
788511 562
207896 576
31336 599
104205 383
116826 39
433658 898
811531 205
16802 494
280108 815
222672 424
456157 400
831275 335
482313 600
848854 119
413341 707
356494 546
87935 148
370429 465
451214 568
326080 701
207890 46
286080 552
660078 630
340655 543
640670 870
339767 414
40230 218
392891 436
920146 871
457754 762
896167 883
108789 669
67420 413
134432 634
33205 769
600157 138
771083 90
3024 493
82704 493
420974 843
923476 616
719428 831
294543 141
43248 183
220670 668
529227 414
329903 587
215942 857
387256 731
15487 955
310010 344
714520 808
265044 445
578879 480
831030 503
879428 758
154210 72
95826 566
197332 404
355868 831
966166 141
506623 563
473567 615
698104 111
114777 578
25314 565
765103 187
955948 480
41991 596
12460 398
92441 527
866337 815
639087 670
52325 854
458978 920
915075 439
12576 424
70147 831
722734 542
356320 326
896690 847
160274 219
940874 317
564386 717
218889 39
721491 920
842426 152
963916 28
489278 387
996846 396
767212 230
146316 523
593881 83
44381 941
136862 68
881874 720
757457 799
128037 375
78201 700
581392 208
129709 523
693406 756
118517 320
681247 241
42573 827
390372 617
174896 902
21477 940
593272 769
577902 847
366193 535
870178 549
678430 295
186699 812
319612 172
447271 453
567529 264
132007 379
64790 159
234305 228
899257 393
100027 319
126706 957
161187 56
129901 709
865839 954
210222 567
789703 846
602246 896
568084 198
170407 452
184950 813
520645 981
165685 895
274881 571
808349 962
931682 797
133292 693
949389 231
800867 263
151040 528
49597 102
820865 688
20272 431
852515 368
778392 253
411703 649
970149 407
392524 92
857324 672
807776 275
266803 328
543976 49
80777 154
27573 363
135603 630
439928 320
115098 637
38440 152
186759 866
687125 831
971465 828
583077 598
334494 702
308169 505
16930 286
739057 553
527779 755
944349 221
104100 890
105146 857
415769 894
72355 379
341226 523
599987 916
475223 670
329353 617
175274 584
424453 865
214926 841
734265 887
52829 263
52498 224
845575 487
392491 604
515086 533
475931 107
467961 805
29617 530
396566 105
751409 109
594480 985
511524 426
615989 866
356161 85
196292 155
545731 884
859105 279
880659 59
328116 804
397001 857
228716 672
652879 387
20551 836
777415 956
552295 907
254189 165
946363 413
589021 686
176610 144
769794 654
474251 347
741192 274
347646 249
362447 144
421545 359
294116 668
738933 978
476166 425
18017 175
376390 183
918715 1
926805 392
355803 430
503037 375
901393 687
62554 492
852293 161
465770 838
16096 275
574621 609
629496 649
936712 716
64546 974
704192 581
456219 347
934864 855
932020 892
906986 189
70528 107
715924 561
649280 197
504990 992
736337 522
510971 141
105615 759
422117 106
707830 845
78337 820
186532 854
101504 780
297542 479
487303 263
773289 133
324457 688
531058 401
282651 544
541637 927
365449 524
306725 158
704958 241
996177 980
729234 167
51598 805
759983 144
278548 255
726932 75
331827 558
119631 657
685507 213
62482 435
479799 772
289194 476
830977 183
438168 647
633815 481
340933 160
393294 496
475478 846
911663 441
846848 949
120220 287
452358 135
72389 183
537717 208
18285 18
247198 759
962031 799
19013 16
840107 380
401499 5
790899 916
246392 824
653167 982
939425 291
689736 207
115836 2
184114 765
4182 441
942395 362
518282 899
426246 161
584756 846
213924 651
447200 805
61488 727
443952 400
391320 105
618150 930
579565 135
473036 195
351033 883
837325 316
689092 294
623928 483
658616 481
995773 251
596781 389
82017 167
1477 150
110580 314
71889 681
627461 712
573053 957
673509 567
450493 468
184361 705
307103 174
326625 558
492618 956
588451 256
114766 320
648620 787
607609 734
849572 485
880714 553
155991 868
654814 914
308744 851
122762 583
126583 37
453118 110
104021 898
223043 610
415190 296
731703 659
288599 958
45789 113
33287 539
808623 115
95915 141
956903 476
272737 240
164752 373
345524 626
108919 193
594932 510
928965 682
544535 128
204229 27
187518 289
268557 868
177547 695
473782 351
297127 243
741173 286
627176 569
405926 951
747574 139
64141 173
901408 265
427914 556
666453 734
442085 63
136612 847
60018 797
674344 968
995522 314
413039 85
961561 221
541957 941
458064 509
808747 793
703374 830
201288 748
813042 569
594917 593
667589 855
383701 512
608973 900
190338 396
183706 919
217126 239
892220 583
516624 724
333364 642
7424 264
153469 970
451260 952
287693 514
880768 63
806525 523
831330 944
944049 717
37766 510
870620 406
854670 85
391872 444
717643 640
163036 948
761800 875
9105 977
937466 479
200975 207
592771 39
417018 121
618401 139
896833 965
925555 434
474191 533
238578 183
241374 17
627558 348
653617 616
821704 989
296721 979
5045 430
63741 953
960559 807
431951 433
4922 92
980610 370
205279 870
880387 961
604847 131
7064 164
375020 63
83542 679
3690 33
457586 571
151741 648
47534 149
125333 823
465889 815
538723 532
248403 656
569054 812
286744 250
291455 870
589477 370
27641 727
715286 20
801001 737
19155 657
932613 988
326573 863
711968 715
268068 449
185934 727
