0.0000316214
0.0000000000
0.5000000000
0.5000000000
0.9999999991
1.9999292868
1.0000000000
0.0000000000
0.5349032804
0.0000000000
0.0000000003
1.4732272069
-1
0.0000000000
1.1769420464
0.5298072614
0.0000000020
0.0000000000
0.2836658348
0.2113003122
0.8087826567
0.8567839199
0.0000000011
0.5908270136
0.0000000095
0.0000000000
0.0000245132
0.1803766089
1.0623781671
0.4295532646
1.4360189569
0.0914572772
0.0000000002
0.0000000041
0.0000000010
0.3116190477
1.9241622575
0.0000000003
0.3192834562
0.0000000005
1.7128603102
0.1650045369
-1
0.0000000006
0.7241183161
-1
0.0000000000
1.0505780345
-1
0.8100375238
