97
3150 8139 1295361
6866 6276 144490
9304 3127 765387
9454 2453 760978
328 6966 189759
546 1871 507919
949 2617 1211433
1258 6610 1054661
3519 3269 1547556
705 5503 648706
5523 8432 51245
1313 8454 12714
6940 1327 665134
9371 8631 833503
7205 9989 155012
2222 2451 1407515
8770 4419 2003041
5704 6505 683831
2667 763 1076703
4313 9876 670756
1921 5474 790722
9499 4568 169574
6994 539 415547
9891 5032 1930585
1744 1418 704592
8799 9348 3350898
2552 4654 508071
8146 791 115718
2117 7096 777301
7315 3151 1521414
6270 8986 1786718
5061 2492 261698
860 7451 669131
3688 8288 898978
1700 7094 338061
192 2251 1609062
6218 2531 1282553
593 5184 1161931
9198 9210 28662
6795 7628 1595501
7021 9572 350452
1433 8201 1815852
8126 9944 504331
5934 9357 1727943
3312 9371 2344928
7876 1215 382298
4114 1074 1399509
5798 7764 2777852
2433 6516 300120
2787 7198 388462
4205 6122 1589123
5704 5 176031
8980 9898 138214
7256 1195 147764
7998 5839 3057555
8024 2526 3312767
2266 4366 289288
4529 1712 1842053
8838 6711 479412
5096 7377 564412
74 6406 486499
9232 6510 649928
505 712 441221
5813 3921 3027680
48 3484 967659
2433 73 1393274
6951 4080 1800177
750 451 1570645
1431 7669 475249
500 4320 2243083
5092 13 163662
8789 559 338415
9295 9682 828833
4024 2807 287537
8987 2367 2873089
7374 7005 1508257
7031 8402 104413
7931 8296 524879
431 5587 1000257
5187 8550 1559793
5642 9038 19050
9454 592 679248
1581 849 143606
5941 416 80820
1788 3953 1427377
2494 1363 1206391
7517 3416 616203
7689 3521 896859
145 402 452148
475 891 175940
3103 6965 69456
6898 5027 5603101
1849 6085 2414644
2998 5940 2312153
4660 5652 786783
4795 1848 1372038
2953 9105 308846
