100
2 1
2 2
3 1
3 2
10 5
100000 1
100000 100000
100000 50000
87186 21839
83092 50583
83638 9028
82931 53058
87481 7873
91415 78986
91219 88894
81800 33897
84871 3838
85193 1368
85540 63421
80604 76609
86234 10395
82988 49271
98081 66338
98821 81446
96192 57892
97241 31330
84622 30948
95063 59912
90978 66656
82462 45948
98860 81062
89988 37557
84338 29277
82565 33779
93074 43712
94699 54719
88161 6412
81091 74389
88350 19360
93271 11960
81687 16000
94457 68376
83056 1712
85695 59435
91466 5000
93846 18453
92602 8588
96906 31696
95987 43388
97137 70356
81388 68964
93670 37682
85660 53883
98738 76603
97171 8830
93909 18603
93413 53166
80791 31336
99597 56839
93872 35567
93605 16505
92618 27026
90556 79198
86615 16931
98964 44967
86325 41572
95130 39240
83033 64411
94949 88373
83767 10501
82375 2747
90821 56412
82696 22270
89151 43686
89772 28016
90128 88681
90026 9327
83100 11647
93365 70803
85460 16521
92900 52767
80738 54635
99001 63170
93158 28878
98170 59562
81460 59043
83680 83230
87162 9471
86365 84585
84510 79909
80588 34684
84284 37518
86950 15103
99369 30178
82770 48541
86944 54039
92779 18332
84274 67087
89360 20260
81405 24319
