100
2 1
2 2
3 1
3 2
10 5
100 1
100 100
100 50
84 19
82 62
91 15
93 66
82 81
80 24
98 51
95 67
82 37
91 58
80 12
84 2
92 46
100 33
98 28
94 27
92 7
94 42
95 84
91 26
90 24
83 56
90 72
89 72
80 23
93 79
84 47
93 63
84 48
95 61
82 51
92 25
83 46
81 54
87 27
91 60
82 79
89 3
82 57
84 11
87 16
97 59
98 18
87 68
98 17
98 78
90 14
93 23
100 62
99 48
81 39
96 6
93 7
93 82
95 74
89 67
88 34
87 78
100 67
89 17
100 40
96 64
97 51
87 22
85 70
93 47
83 40
85 4
82 30
98 63
98 36
86 73
86 82
100 92
88 39
92 19
98 97
86 21
85 21
90 41
98 70
97 68
82 64
80 14
85 14
80 66
82 8
93 87
80 65
98 82
88 62
84 35
