100
4
1332
4
9583
3
616
10
1029384756
93
578666868756776768868657885858856585775588678656755768788566768557865678887755558757787876775
96
264344677524742372582522324332537678537464366266533624332334633286248525833367576324744585773538
100
5215367286366634115281845326338186046512335020511334203070015005176667032757722328615023535745576261
97
5844452828322546422686848455365425887555234726237342584887757846342476246846658444644783772332732
93
645654445666546654546644644666545555545454546545446445454645565465446456644566465554454546646
92
58533585855454335583373788835837353737554673548343356373868435444885643677584564563365867334
92
75999838698345785564537548869457863398384334769796567587595667884486955678796569643455355693
90
654733456547455346677545446374656644637454475473447674676656633547566537534553745565767374
97
2105052050042354555314505131340403104034032404150133455415524125341431231335034221043422325432333
100
5754756554865864744656787757657778587557467465758646566877554477684444865856886855475555558875667564
100
4622576247835415834621433486585917318188365375465262297189799512645795825396968419869871219398225445
2
01
96
322322333233434443224322324344323434234323224232222423332242233434344234432242232224422234434442
95
12123231401020131200011210322142013424120041014223043041002033113202342244321324240134004230434
94
6651662166116616355124114341131212464431663445126226515444646163322234425111644421115131165213
94
1452225415415251315313422324152425351344111231552421454523454532344125414125253511421223235235
98
46422323422553263654464646642666654322443463635553222263436243536432656356535446345435532232232536
96
645466633456454336344644465564464635545335435646555554533534355446536334555644654366346563463666
95
34341314454453221424531234521423213122155424252524245414223355412442225335223423112551434545413
2
10
91
1215544448881487833854632120068214848262038886851535200118830822856335226262231575863847468
100
9848582219171929971279875428645385933266762744582655839854847923371546371379576158445726724528756776
97
2223332233232332323333222222223223232333232333333332232232322332233322232333322332223322323232323
100
0000000000000000000000000000000000000000000000000000000000000000000000000000000000000000000000000000
90
221222341214322243112424431412222344424111414431413233443132222132133221344224112441213232
95
12314442132141331331142221433144221232222421423231442413212211111241124231222131314213211424244
97
1222877566356561335893353555483938969719986944559859176644598825687315338478862167955863344385122
93
778878878888888778887778788777788787778787777888877887877787877888887887788788787878778788877
91
4453335344433344543354453554344553554444455454534353454343344553355533445545544454433555445
96
765678566568485548658646786746586657666866777654674558456548448688656567878886676856458475766446
97
7767777677777766676767777676766677767666766767677666666776766776766766677677666777777766777767676
100
2132434220220452201333013512132102004540014513115142534550541545254441233513502342424512531350511320
94
3636643313445422241316335436454525665541253335544615255162263352443161535515114625222656642215
100
7887878777777787888777787887877887887778788878877887777787887788888888878887878877877778788887787777
99
334344444334434333433433344444444433334444433334333333344343434444334343343334444444344343443433333
91
0354203040330424254330533343042004204340104014505412425421235153150102214333021112224534200
15
222229888888811
92
55444555445544444445545544554545454555544545454454554445445445545545444544555445545544544445
97
5444454444466654455455545545654545644464456654554666454656446446656644566446564565654555444455545
95
31313405042531551025425555232525015443512050540501014454231111501033144154410532121402553242110
99
989879788998987998888877898777778998988787979889797788889999878887888797879997988799888797888979878
94
3121131233211120003331310100233213300011120101101303000212110203012131130320133222331000333033
99
322133221312133122211221323313213323122223331223321313211132123233233222232321211232331231121331221
98
65614828226726635627781133353246625613475348158741221745138687176255874416651231271333628283147137
93
568721625322127786381448285854385287323651658582378732341717536224366261284578814257522386826
92
11333310003103212020332300130031322103012031013010213112221202330100312302032230213212332022
3
211
99
484367632784325177344581538844378234651838653543737732213562778141634227351377122675584456153776478
5
19091
94
6972366737353579924286546252826499645584556598339557243866477876727672688479723956576765298952
91
3334334222442434243222223433423443233442223333444444242323343233434232443343324234224242344
93
435122212422254765765754337736547166754257241533522123655456713416665447722777645522776352624
100
5351827384213666177926911282145596964455439465296831661664698247793774275117487987911516321299284281
90
545554545555555445545554554445544554455544554555545555445555554544444544554555545544545554
93
375850518760566725823387408626055251113706550150048404360636388353774003036718103387471152875
98
87877777888877777887778878778778887778778777877878777888788777778877887777878887777778877887787788
99
848454674545667548645768566476776774447586768767588678586486458884756574564464858884744456787477674
92
55436263554254267232623147273152747236772241461421445445513265667761757744655737551232676244
100
0987654321098765432109876543210987654321098765432109876543210987654321098765432109876543210987654321
3
110
90
002012210100202010121212202101210200021010002010212112121222000212002020221221110010201210
100
2100001022102020121212112011202020211022002011211200021022220022111111220211202210101202210211202201
94
7677578778565868886868767577676876578558886877755658785756565575866565568856775865565567766758
97
5346565644564756565343756747656435533475667436767436463764346435375667663336476443745473637545434
3
011
93
112335122422214044131543535000412540524435355253041114454444410032310300034240115520545334420
90
887888878887777777777888778877887787777887787888787878877878788888887887787888878888888787
100
0000000000111111111122222222223333333333444444444444444444443333333333222222222211111111110000000000
91
2200102122121001001221012201222120202020111122212001121001021010220220112022120121200202001
93
322323333232222322323322322323232232233322232323333332332333223332333333322323223222233323322
2
00
100
1030010235444131021055233354141034231353054225015314505502212053212015442245034410012145502041043041
92
64347217671511773462175245543642712421731636514471676355723463717316351115364426147241772316
90
799989788997899787978897788988998787877888977999797788787987879877878879989778978797787778
96
021012110111201120100221102102220021112200210112202100000122212122001012220200002221022200001100
7
9000555
94
3114531135000033214535540334330402504213020023553243131454445441035410102451411425155301105020
90
334311113344423141422331243332112333134431241231312222324231121224424232222123344131121323
96
655446664554445654655665454466465545644545565565544565645566445565445644554566654466464455656566
100
0123456789012345678901234567890123456789012345678901234567890123456789012345678901234567890123456789
97
3515740012888174537150016281652424382344363530278807637225106110078771775170768731881785324322253
96
553454322342432555424254542235444252545425525322555233353254433445333434422434424423435245442332
3
112
3
001
93
777777776767676766766666676767776676676766767767677677676667677666667777666766777776667776667
91
8867676767588887775565866575867877885858575578687855856658765787776585688665787667588758777
98
66767666776777677767667777666666677766776767676677667777666767766766667676667777667666767766676677
100
9999999999999999999999999999999999999999999999999999999999999999999999999999999999999999999999999999
96
134232333414212221122333334111342314243132424123223122314122424211124413442124232144132332434134
100
1111100111101001101011010110010010000101011101001100110001010101111101111001000101001001100011101001
93
687685858577665566665887666877768855876875558856786557786688778788756888856875768875788676688
94
4588752297435942639329594669462297572532479949794655695383255679538323277929383459922343466627
90
888998888898999888989899898989899898988998889989989898899999888888899998989898999888999989
95
11121212011121122011012210211222201101012001202002110012122001020102112210120001010021112010001
96
312321111311030303223133222000212120122203023110033220033210012100311331301322302101303330012332
94
2222121212122111112111111112221221221212221211211211221121122121212121221212122221111121122222
