100
4
1332
4
9583
3
616
10
1029384756
100
0987654321098765432109876543210987654321098765432109876543210987654321098765432109876543210987654321
97
9687997897698869767679698988998886799877789969799896769678887988979788876979786767698688798776866
2
01
3
011
97
4644066136974609582004931175057921459052564791235759507972277526393655576012755187149013490189914
95
56647574577646445766474445646567765477465745476745667775445575667476665476676775556445444675457
7
9000555
2
10
100
3748873554479597438593538375348534553775747766458767833387393347585893859894834659384948445977795568
100
5564443536543346454335564555666553643466463536654444655354644466366544664635533356636365363436533555
95
57567766765677757655775765567575677655775757766677666657575766557665666567767677757676755567665
92
55565556555556556555655565665655566565566665555656555565556665666656566655565655556655665566
96
151816289971991766061493106086723301517847085347393037290929671014524770170751344901804122346480
99
326722236516141343265332747642315517555567316734723621745232761435166154471233124456374414274213165
100
3875673343465683547667356355888778876477435368548367733553868754336535535537455648437388483336546478
93
455523323552234333343352445244453342445334435345243224353354455434522344442522252535354245454
93
335533334354555553553543454533543544445554433345445553344455454335545355344343434543354345543
3
110
3
112
98
94467856657966847674988959699599776548576654596545676549675896476584778955575797954567859595564956
100
5344545543443453555454543454434454555555444445533553445543544453354454435544355433353344444454345435
15
222229888888811
5
19091
90
358449693984368769963574667477375367533567397756376788544376459968444568446444558875744696
95
12221121121111111221211111222122221112212121121122112112222212122221222111121112212111222221111
92
85757686788766566657887678758767867585555785755767777788776756866568585575776786877555667757
94
5554444554554444454544545454554454544545455445555545554554554544454455554445554545445544554445
96
313331233111321123221123121233232133322233331211311213333121112313331211113231322121311233132223
99
888688676676666788677888676777677888666687786877787886687687776676686877686878667668776666786787776
99
354555434555534353534554543435443334555454334553343354354345454333354533443534335433534433354545535
100
4165481569713558223232419184892519576414415183481758621524654432579931394432264733655197381245884749
94
5225323441122211411135245521342545532353413521332134134115515214445233143411453312423424253214
94
2332233233332332332333223333223322322223223323323333333232223222233233223333323232233233232223
94
7754337537836835863784387465864373358886454734453878558334773338385547437344644857374838436454
94
3452163746078813140101311021286521024441333851111225658211228646162583461828280076178233571771
99
000452764460555500174706710124511433553011020124102342576232663362232430063367600365163221163722747
95
22434332422234322423344434424344324442334243343224442332432232324323224343322322322443234442332
99
437574743624225225664552653335443766342443576732566436723472233376256542533473332623637575354443265
90
556646233665334435545543264253624253555226425344533254444265434466654533262546563456265624
99
921958817617468499549937218268795668633775397357497822549918459378921633284478698124429995113336561
93
756655765566656775575656665757757677656665667677575657765656676676565657566576766777757767655
98
54764476554784866465644445465564485444676566667556874587464458447646687568875646755466467854567855
100
2886831577428312473883537399165365567484597877526711119166227836359578781474763831316445489255235574
92
21237533666653646117158858421856153261387885173788762251517686122277684553311466532225141711
2
00
90
122120201212222002211001000020222100010111111020112112122020200000112002212112212121001201
98
74267425627382244277278484455748333586567874752647872874328857757358356478353586458658674356522747
91
6676565655576765767667565576756557757665575776655657675677767555557776776675756765565665577
93
914787778746243619173453255847934586997785277855922645815812345746567769963754223686613533916
93
201110002212210120021211220202021221202000211212100212100120220000112202010212121111001021220
100
2682696524469664576410443047541956777847378850977628695857409166637542405166200570312862504259713041
100
2143455453314313135512114212224523535512121425434445313214311351435253453142151354515253313222114445
95
79876967899897786977968788789898876767996879898989969788697866998786887996896886786787887789779
96
366355333635665632526553566553644442624664352665443435664663455625366544546656466625242646334423
92
33475735366244754322355123536251543366427773357521456346341126536352743571534771475724276565
97
4533495758884943674997865887944843335395983663948843385453469569537644639797688967598674885433783
97
7679678986789968677988697698687966768977988867686996698769969967668687769868976668798999869997878
91
6621334984223115143854421845715249699262163617889967241617471326617518267125637329536178829
96
343212515522341444442221433123325351241241434321421355323244513452121525222115533512223331453343
100
3121110012321232000113210322223230211230200303122103010033303022203032231133232213232230232303303301
99
686896979887997886969999669889989979769677977966688686879868796798967967797767986897997689967997998
94
5255645354465353233625555666656626563426445633653252463652256563436243543334543624444323242466
98
43453354433344433553445454544543455444334533533454454333535555555344444535434343434344554553434535
95
32332222233223222332332322332222222222233232333333232222333223323223322322322323233222222332323
100
0000000000111111111122222222223333333333444444444444444444443333333333222222222211111111110000000000
98
44612214353405513266642236610416035215012444440226112132130103526616323163542420016510654303222055
93
445111356605334002264235065615142163004112560566301611534602663163262464363043260341152543121
95
99999988998988998989988989889889989998898888998898999998888998988899888898888889989888899889989
93
871465715135493498596949736151358573186367657952638556168225375629186959942617798438122877617
93
121322221323331131222333312211113223311222333213132232121133312121311133213323322213323333332
100
4335849721852717212325785279925139411519131717337939611745798312122636925156842251846984533967354769
91
5337333316752403424761456615086924474304476020313545079591545621237240703120394854209970755
99
010100143001014313223431104100240402124334000324413004340013414421112200021221212100443234333431302
100
9999999999999999999999999999999999999999999999999999999999999999999999999999999999999999999999999999
95
55556545665464446466455465545443635654343344355333533353563463334444456455643646535336665644336
3
001
98
68777887867776688768876868667887778667876887887787777668676688668686666687766786786767886886866767
96
765879868946656799445779648898967586495779496556949489759458595889468856776577877558569897464944
93
787677868677686878786878678668666687676877886666868777767868866787787687776768886876687887777
90
447477486554553325277223272788368337643558464354347338324245768747773528783475866427274646
90
722679191584534431731448642146954877195339118787877935386596839363132245968956298931332225
90
691284289322795499338785721122183453321385739661726549785652944931731189376384468821497118
96
564547654666455545445755755576564446445464746664757476544664477744777475544754767445445466447677
98
65421314116644144356356153434334624623312162345546442113345232561615135233313531222524154621664231
100
0000000000000000000000000000000000000000000000000000000000000000000000000000000000000000000000000000
3
211
90
544355447647573367637347336663764753474666636774666646677774667637774547343534653655634767
91
5599576976758989988798588988586697759985876676558955775796868878758585698598759565969676556
96
888878788778887788778787877888888787787778877887777878788787888877877888777877887777878788788878
94
3645663436653555565565363455366533366646335463556463436553363436666555533535566633363643346646
96
252546613435324441521561151331335456112426452132516552455624632343553126514131432631612326151315
95
87878886686766677888676766778786768767787886776788876778768878886887676767666766777868676667777
100
7768686786878676687877776768777888688877768877768886886667788666678678888778878688866876867667867867
97
2212222112211111211122121122221211222111112122121211121212221221111121112221212122112121211221221
93
101321110301023311230102333110103103222001022303203110032023302321001031023231103213311322230
100
0123456789012345678901234567890123456789012345678901234567890123456789012345678901234567890123456789
