30
6
5 2 4 6 3 1
6
2 4 8 16 32 64
3
1 1 1
3
200000 200000 200000
3
65537 65537 131073
200
0 0 0 0 0 0 0 0 0 0 0 0 0 0 0 0 0 0 0 0 0 0 0 0 0 0 0 0 0 0 0 0 0 0 0 0 0 0 0 0 0 0 0 0 0 0 0 0 0 0 0 0 0 0 0 0 0 0 0 0 0 0 0 0 0 0 0 0 0 0 0 0 0 0 0 0 0 0 0 0 0 0 0 0 0 0 0 0 0 0 0 0 0 0 0 0 0 0 0 0 41792 194925 107455 196840 81376 164155 153886 94056 10299 198324 66026 169101 10890 155013 135929 34133 61029 11040 103598 65259 82755 114036 166628 11906 92929 124927 29645 73238 87080 33852 132379 111693 37881 131050 73779 93442 68049 106615 21198 22173 126177 67002 172061 113066 8658 191165 12998 21695 10741 139262 179546 154531 21807 41840 34082 183157 199133 60292 139958 55972 64854 116639 58584 116700 80200 149961 60042 124431 109192 32250 47442 33814 14228 114980 85294 48874 101699 95526 93748 131545 36873 77459 153524 184347 76919 128512 16210 73740 35001 24205 111249 199790 19666 44298 158525 86683 198067 169769 79749 91529
200
93443 155157 68985 196037 102104 140568 69523 46347 92242 155162 31484 104970 124994 186457 197737 50189 66344 13727 116155 97426 58557 157622 175193 98411 105361 176792 18481 116628 138066 12383 90330 197045 146765 104473 146901 181626 38322 92004 119486 102945 101418 114437 138164 6972 102369 95894 127672 179459 136192 28725 15902 23844 150116 152878 175417 39171 150884 45874 102998 147256 73416 143587 104213 167171 108476 113400 198173 39087 80746 191998 65943 173228 68536 8376 91332 85454 92684 169744 125540 27521 130590 125318 58242 90503 151216 67978 35508 164859 29316 194814 92622 124391 152090 199336 142220 45359 173200 39403 182942 109816 163776 120334 5956 73530 92388 137359 19703 186501 94516 3930 90298 174297 129358 93712 164448 35907 172631 113255 189369 28835 30166 160884 35507 127745 71167 151993 74782 191025 193960 163251 196632 52541 177473 117991 184968 133610 54101 109046 8037 137892 159209 64292 174075 33169 66492 13009 37755 27934 22722 176314 114663 73662 198235 124058 175775 145394 74134 111596 185346 44211 87223 132122 53926 167904 41404 149062 98696 5118 186855 188449 112615 69016 2429 101290 9428 149115 122167 151418 70173 109206 3339 176956 189058 51922 190388 158483 131151 131082 47283 165666 135590 129647 18145 50470 81891 79031 110621 65133 60388 35619
200
80344 108896 70052 43492 53120 75696 136120 104912 119852 34196 105244 121180 71048 1210 1640 1055 655 800 1140 2050 1580 1805 515 1585 1825 1070 4356 5904 3798 2358 2880 4104 7380 5688 6498 1854 5706 6570 3852 39204 53136 34182 21222 25920 36936 66420 51192 58482 16686 51354 59130 34668 50094 67896 43677 27117 33120 47196 84870 65412 74727 21321 65619 75555 44298 66550 90200 58025 36025 44000 62700 112750 86900 99275 28325 87175 100375 58850 18634 25256 16247 10087 12320 17556 31570 24332 27797 7931 24409 28105 16478 98252 133168 85666 53186 64960 92568 166460 128296 146566 41818 128702 148190 86884 17182 23288 14981 9301 11360 16188 29110 22436 25631 7313 22507 25915 15194 2662 3608 2321 1441 1760 2508 4510 3476 3971 1133 3487 4015 2354 73810 100040 64355 39955 48800 69540 125050 96380 110105 31415 96685 111325 65270 51546 69864 44943 27903 34080 48564 87330 67308 76893 21939 67521 77745 45582 1210 1640 1055 655 800 1140 2050 1580 1805 515 1585 1825 1070 332 5 18 162 207 275 77 406 71 11 305 213 5 242 328 211 131 160 228 410 316 361 103 317 365 214 196602 122452 172937 148369 46885
200
138550 143841 122734 94658 62119 59411 150603 136098 69928 108092 174207 47941 48064 27645 102414 54270 76755 144612 748 175062 68625 8876 174348 189074 144486 14067 68870 128573 126498 139021 148253 110632 13373 54472 102525 99569 117972 81912 97068 135582 98100 26914 100095 36454 182986 92737 14576 30700 183878 69730 68494 62842 74225 60094 29811 37917 165852 105110 127740 150724 24806 34677 135944 121229 20032 159549 130533 167126 140269 37861 88668 68838 117953 6532 152425 147417 55751 150495 176590 80240 142331 120769 160005 143275 146967 163857 33078 116070 117424 88334 54266 55992 182393 71682 142890 133608 89203 66690 89727 170441 168522 50507 180631 58650 103200 73557 29334 56323 17348 190727 71917 127103 104379 6750 150474 62713 127773 135470 58187 86574 119123 123131 192595 23937 23859 45524 119108 2570 126966 190042 136667 119465 146795 143136 85486 26877 103322 70173 65916 148987 178099 81642 50558 182390 103723 43123 166920 159170 161561 85430 23315 65139 177173 186403 185754 132967 113904 41800 119370 122991 96003 184480 96134 73848 86224 90397 90128 95757 151781 106827 47895 185467 5863 155997 179508 4223 44269 145217 114590 119442 183318 154767 146660 20948 65191 123840 192342 153306 165546 172992 146758 127622 141716 92347 122622 63279 109916 1568 48727 124960
200
4441 156920 186913 107719 11420 62493 59823 92053 72708 143882 52973 181984 145357 175373 91111 100689 141978 22139 53172 103928 72256 93635 33484 137509 173544 46953 7400 129759 53425 179715 184987 100415 152112 51145 72280 110265 108661 103053 74734 13865 183046 17691 69635 186415 105122 184891 41317 99385 169610 91226 45689 709 180553 52200 105964 6610 40228 130784 127999 132513 174968 1714 163291 77518 159380 190783 123080 4796 31873 177145 44183 150692 119116 173842 130683 111595 114798 84818 137173 129962 163449 128704 48526 111891 25329 194601 7555 132575 142278 34561 116345 91025 190702 37902 108233 89228 97040 16150 101611 111084 131748 26958 78469 86227 19184 30802 183468 14216 3157 188057 184138 133404 134882 83070 158689 147821 63041 196885 53334 87714 73936 123751 108870 194018 195858 21390 55939 170964 16909 196656 140713 168481 136893 68526 15400 185963 89686 24783 169599 152353 6973 15338 184688 30533 147960 149695 27063 82705 79730 173356 108426 124382 135747 65155 89915 81330 2540 181655 140521 43797 41106 61783 43019 157617 152084 84889 120773 102352 139776 20644 94771 196165 145460 18567 185045 25531 146685 142298 20308 79466 82395 36820 70699 9391 26321 70810 93483 17569 104656 166529 154210 67857 134547 133746 126961 42735 140640 173990 29943 159795
200
2142 12750 8364 14552 1632 12376 2890 6528 13634 15028 4760 6630 13545 80625 52890 92020 10320 78260 18275 41280 86215 95030 30100 41925 23625 140625 92250 160500 18000 136500 31875 72000 150375 165750 52500 73125 17640 105000 68880 119840 13440 101920 23800 53760 112280 123760 39200 54600 15372 91500 60024 104432 11712 88816 20740 46848 97844 107848 34160 47580 17766 105750 69372 120696 13536 102648 23970 54144 113082 124644 39480 54990 10080 60000 39360 68480 7680 58240 13600 30720 64160 70720 22400 31200 11088 66000 43296 75328 8448 64064 14960 33792 70576 77792 24640 34320 10773 64125 42066 73188 8208 62244 14535 32832 68571 75582 23940 33345 2583 15375 10086 17548 1968 14924 3485 7872 16441 18122 5740 7995 16128 96000 62976 109568 12288 93184 21760 49152 102656 113152 35840 49920 6552 39000 25584 44512 4992 37856 8840 19968 41704 45968 14560 20280 34 215 375 280 244 282 160 176 171 41 256 104 63 375 246 428 48 364 85 192 401 442 140 195 42604 170151 124050 21895 19869 43723 66981 115199 62256 148936 139251 28325 114779 28748 66900 92913 5519 14086 9896 103933 71777 88778 68073 96990 121470 154310 80697 173440 49128 120203 46213 170787
200
125120 123760 28900 137360 68340 70040 96560 51680 118496 117208 27370 130088 64722 66332 91448 48944 158608 156884 36635 174124 86631 88786 122404 65512 106720 105560 24650 117160 58290 59740 82360 44080 57408 56784 13260 63024 31356 32136 44304 23712 141312 139776 32640 155136 77184 79104 109056 58368 79120 78260 18275 86860 43215 44290 61060 32680 52256 51688 12070 57368 28542 29252 40328 21584 340 322 431 290 156 384 215 142 368 364 85 404 201 206 284 152 129990 111117 143223 79208 55741 157591 65565 107985 180606 70784 158886 104478 93590 26334 34664 66677 60908 69856 94338 91222 128570 195818 127337 183048 188289 60696 81834 31998 177003 14109 74874 189841 91531 61467 25355 94287 124848 167165 181387 93498 167914 134224 83490 38288 430 66687 189826 177122 155741 44252 108837 162725 51018 70961 21588 112836 78058 87842 129332 102807 73452 195227 173243 120100 85224 117462 120557 104681 50397 73281 17037 162140 166016 192858 192612 171375 156739 8610 135740 23399 56364 107240 97544 172219 142050 182299 34621 18890 86062 101037 120710 192837 99707 186706 43531 119771 78343 160978 46394 76449 76706 92502 156797 111726 26600 100527 198435 75391 47665 126856 138465 3337 26681 165978 196592 49338 95280 91590 88998 36750
200
70928 84472 102701 136290 182391 163022 162273 148047 133708 35809 1052 80373 116710 126061 138350 158244 174206 104015 123861 188412 13190 130270 40957 115271 8620 140318 86535 137913 41916 174475 75275 105283 78420 172944 25358 52250 89932 10488 186570 110673 167669 137582 82698 88262 158126 126598 1512 102157 16141 102815 105688 116953 21387 139324 59220 35166 6462 89205 29998 45430 70005 191337 13190 133507 37936 191691 47694 156557 7757 95108 44421 197288 35695 146540 176113 152725 61614 135289 4454 107300 34987 184644 197961 179131 174448 156200 64509 198654 137541 46232 141658 100501 67956 146183 72972 57698 84961 150177 43078 32728 153547 82750 183766 69140 195285 50702 43893 137669 85801 139197 15744 102382 199192 176684 28369 196676 96756 68200 82684 51676 114076 13704 83793 126903 76366 85527 99347 155053 193430 46806 41653 153199 145082 176259 38011 105820 26733 137858 118225 60159 141036 156522 34901 180064 72848 170026 143329 89658 69638 25230 8033 96795 100079 61517 73909 98848 172013 9596 179493 17706 44492 66610 92939 155556 106346 187145 41639 135889 132861 27745 50604 120606 39456 26597 193424 173771 75631 173028 119861 158815 191129 81703 66925 176988 43058 119006 133118 167585 53435 62161 40828 155298 25009 146984 140852 114835 62183 114749 41477 155585
200
140557 16721 148324 14324 138893 116215 51444 85509 186705 15219 97832 119853 79769 742 86362 94489 193621 160093 146930 45825 173049 157943 165980 136042 77849 176660 72248 88170 68274 132849 112741 195191 169604 142988 82890 123009 145862 170065 162735 29240 58289 174739 29180 184062 27298 5489 8005 42713 87103 167862 150821 138553 189025 140705 39113 57433 69309 85663 101550 11790 109829 113794 56012 117989 33469 43882 749 75281 185946 162533 4512 151901 26921 166649 168536 177637 141003 179140 28229 62254 129027 96051 142704 196216 101095 11486 94976 190805 163958 169263 198869 10090 57388 187145 92339 132362 19946 170616 86605 44371 64112 65495 64423 36924 195903 124152 194105 90389 198658 8135 121143 116444 119831 54353 74855 95341 61978 91393 166581 131299 107295 102982 57728 92310 194019 198897 1317 59274 16710 118104 171712 103583 166256 21135 64060 68352 105772 34824 19676 161419 145769 72261 87610 82954 168715 57064 79762 81528 136234 191030 90807 19505 91858 51379 128292 70062 7322 111983 160292 30417 158141 57069 43533 153669 65690 36565 990 171471 130942 20772 104330 24080 106312 168301 97262 88866 135797 99472 184937 31762 98912 177426 134703 56551 23618 48936 155337 6855 113198 183780 68758 129707 67972 60716 69054 71283 24484 161528 128560 61992
200
21999 182148 100961 115303 4235 102244 20366 162481 153094 52868 94990 30824 77151 88225 183021 168756 146368 80898 162359 60559 12748 196039 140836 108482 75413 50753 177911 51373 95238 71208 114369 109933 148536 128631 8451 28566 161360 169728 30309 165978 169351 190513 124681 48301 73618 111833 77931 54503 4530 192239 27407 158106 162097 62426 105053 33837 105884 70470 47155 139636 77652 34595 134968 86103 104014 44901 158378 174058 27801 6770 139538 138345 76560 96935 195204 182242 181991 193533 52703 4937 167515 17211 41116 21316 194998 77921 114027 167250 196556 21297 94222 163428 126049 188175 105549 78334 27288 29798 182733 58750 33681 134542 90996 158575 155716 124576 101714 189706 99574 73581 119068 82896 95962 106574 65810 155419 76845 37851 135670 95976 161880 42914 189804 93627 50580 10494 130185 185024 127971 35654 102847 2552 89739 60129 55956 103384 99051 101998 185755 104434 92594 92972 119796 11961 131868 149751 28318 175310 157900 40759 96275 179832 8705 182206 129925 174664 154398 39815 178728 33605 161989 142147 83850 27336 137986 169793 870 172575 73326 100171 62201 80587 42756 36729 81873 115733 56782 58360 133915 160848 33361 140141 108545 169979 98146 2862 4599 33706 148757 105139 60912 92725 196376 155400 161635 161221 132421 52009 41712 45493
200
0 0 0 0 0 0 0 0 0 0 0 0 0 0 0 0 0 0 0 0 0 0 0 0 0 0 0 0 0 0 0 0 0 0 0 0 0 0 0 0 0 0 0 0 0 0 0 0 0 0 0 0 0 0 0 0 0 0 0 0 0 0 0 0 0 0 0 0 0 0 0 0 0 0 0 0 0 0 0 0 0 0 0 0 0 0 0 0 0 0 0 0 0 0 0 0 0 0 0 0 126152 30075 19429 66251 46438 166784 137250 162046 116116 173965 89870 108404 189776 76176 46248 20973 41913 44578 80678 15843 114583 110594 14442 170106 149225 163093 194521 186805 33562 141974 144338 127636 169090 23808 104601 59863 46149 130747 105623 71317 68043 83177 120519 127961 30767 9516 67949 174672 71148 93080 136193 155009 45245 170779 94851 183247 179690 127458 184507 165475 139307 175797 180559 173164 128927 111734 142738 129176 109387 119849 64872 72029 32432 79395 164703 32977 141917 91560 115192 120908 143461 42902 146418 166250 88827 71518 48165 107355 15746 17379 13060 117266 133959 117724 138878 26016 142709 68188 16707 109461
200
65537 131073 131073 65537 65537 65537 65537 131073 131073 131073 65537 131073 131073 65537 131073 65537 131073 65537 65537 131073 65537 131073 131073 131073 65537 131073 131073 131073 65537 131073 65537 65537 65537 131073 65537 65537 65537 131073 65537 65537 65537 65537 65537 131073 65537 131073 65537 65537 131073 65537 65537 131073 131073 65537 65537 65537 65537 65537 131073 65537 65537 131073 65537 65537 65537 131073 131073 131073 65537 65537 65537 131073 65537 65537 131073 65537 65537 131073 65537 131073 65537 131073 131073 65537 65537 131073 65537 65537 131073 131073 65537 131073 65537 65537 131073 65537 131073 65537 131073 131073 65537 65537 131073 131073 65537 131073 131073 65537 65537 131073 65537 65537 131073 131073 131073 65537 65537 65537 131073 131073 65537 131073 65537 131073 131073 65537 65537 65537 65537 131073 65537 131073 65537 131073 131073 131073 131073 65537 131073 131073 65537 131073 131073 131073 131073 65537 131073 65537 131073 65537 65537 131073 65537 65537 131073 131073 65537 131073 131073 65537 131073 131073 65537 131073 65537 65537 65537 65537 65537 131073 65537 65537 131073 131073 65537 65537 131073 65537 131073 65537 65537 65537 65537 65537 131073 131073 65537 131073 131073 65537 131073 65537 131073 131073 131073 131073 65537 65537 65537 65537
200
1 1 1 1 1 1 1 1 1 1 1 1 1 1 1 1 1 1 1 1 1 1 1 1 1 1 1 1 1 1 1 1 1 1 1 1 1 1 1 1 1 1 1 1 1 1 1 1 1 1 1 1 1 1 1 1 1 1 1 1 1 1 1 1 1 1 1 1 1 1 1 1 1 1 1 1 1 1 1 1 1 1 1 1 1 1 1 1 1 1 1 1 1 1 1 1 1 1 1 1 1 1 1 1 1 1 1 1 1 1 1 1 1 1 1 1 1 1 1 1 1 1 1 1 1 1 1 1 1 1 1 1 1 1 1 1 1 1 1 1 1 1 1 1 1 1 1 1 1 1 1 1 1 1 1 1 1 1 1 1 1 1 1 1 1 1 1 1 1 1 1 1 1 1 1 1 1 1 1 1 1 1 1 1 1 1 1 1 1 1 1 1 1 1 1 1 1 1 1 1
200
77563 139962 161011 146998 71859 156861 20111 24366 188555 149097 122145 179367 89215 121918 121852 110020 85721 148274 111615 122377 56672 88164 7833 48185 124566 140644 186050 178654 16601 71437 151704 167730 38176 111655 197357 9480 64118 132029 22186 149952 140032 64654 26332 774 179576 8348 52859 122863 74160 44228 142920 195334 1024 3660 123891 190021 150894 104943 2220 51874 78615 141770 70960 33837 51771 140640 119247 74152 51158 51019 74894 134174 143073 162694 44717 63487 134679 51988 167095 66343 79530 156589 94094 100809 6591 127641 57187 52534 47438 97120 189871 122074 90961 95757 164553 3163 106051 176231 65168 186342 90521 77293 156383 8387 138269 100585 63192 29560 107170 163003 157108 45749 69435 138540 121810 179551 90857 146021 6075 40470 29600 103265 43934 191414 141406 441 23455 152953 106958 112222 31441 90289 96686 162707 100300 182745 49035 198616 4431 149527 73400 23312 185659 46890 5685 173576 169115 194121 93707 183740 29622 59792 129826 78808 14449 109209 102675 31691 35380 168314 103636 146512 71035 29425 23729 74078 104265 194669 71539 9667 27308 110502 162881 163057 33044 140828 17195 199882 150442 22999 27964 59789 78739 15441 179821 108390 138437 67903 198044 89162 21171 38135 172400 126954 48790 186326 8702 109213 160896 189310
200
0 1 0 0 0 1 0 1 0 0 1 0 1 0 1 1 0 1 1 1 1 0 0 0 1 0 0 1 0 0 0 0 0 1 1 1 0 1 0 0 0 1 1 0 0 1 0 0 1 1 0 1 1 0 0 1 1 1 0 1 1 1 1 1 0 0 1 0 0 1 0 1 1 1 0 1 0 1 0 1 1 1 0 1 0 0 1 1 1 1 1 1 0 0 0 0 0 0 0 1 0 0 0 0 0 0 1 1 0 0 0 0 0 1 0 1 0 1 0 1 0 1 1 0 1 0 0 1 1 0 0 0 1 0 0 0 0 0 0 1 1 0 1 1 0 1 0 1 0 0 0 1 0 1 1 1 1 0 0 1 1 0 1 0 0 0 0 1 1 0 1 0 0 0 1 0 0 1 0 1 0 0 0 0 0 1 1 0 1 1 1 0 0 0 0 0 0 1 1 1
200
0 0 0 0 0 0 0 0 0 0 0 0 0 0 0 0 0 0 0 0 0 0 0 0 0 0 0 0 0 0 0 0 0 0 0 0 0 0 0 0 0 0 0 0 0 0 0 0 0 0 0 0 0 0 0 0 0 0 0 0 0 0 0 0 0 0 0 0 0 0 0 0 0 0 0 0 0 0 0 0 0 0 0 0 0 0 0 0 0 0 0 0 0 0 0 0 0 0 0 0 0 0 0 0 0 0 0 0 0 0 0 0 0 0 0 0 0 0 0 0 0 0 0 0 0 0 0 0 0 0 0 0 0 0 0 0 0 0 0 0 0 0 0 0 0 0 0 0 0 0 0 0 0 0 0 0 0 0 0 0 0 0 0 0 0 0 0 0 0 0 0 0 0 0 0 0 0 0 0 0 0 0 0 0 0 0 0 0 0 0 0 0 0 0 0 0 0 0 0 0
200
70003 149308 165448 107883 46519 181814 157456 173578 27504 60547 140310 130674 3279 73273 1265 155812 133482 143461 183725 136387 173585 73954 124326 95132 23901 78677 124440 152245 65435 18697 127665 192499 130166 174832 175352 145666 193722 170592 93745 14043 118325 165544 29635 65313 127824 159157 47472 129351 59469 198181 20234 29917 33445 89410 124789 40223 174668 75918 48228 187483 62704 10035 176862 72024 191563 31975 3541 2746 140915 159198 74851 22470 32963 119038 142330 399 39820 186220 22808 61093 192588 128515 192029 140486 4840 101845 23683 59660 97857 502 84762 180957 194633 67779 115924 55350 60783 170865 192388 145997 116534 61795 33405 144185 161974 140996 187049 2659 101873 67028 93260 127476 55991 34200 105213 182961 189674 42771 96316 78299 124517 159436 66259 71059 22234 165644 172324 94135 125531 128583 136226 32823 31315 66047 138599 29294 84911 35604 119225 16471 153693 151756 141907 137119 24577 99297 66390 108396 145321 15166 12679 138831 21545 179050 198122 89088 83904 88969 108501 182726 110163 127317 191955 21332 3567 148804 86725 187368 104444 78491 137185 163447 115153 22570 149272 55032 40074 128457 152054 24808 88512 181065 27498 180354 189324 68514 19493 45006 109083 102916 82465 156956 185970 38264 145025 10310 60247 132806 43916 119424
200
114558 15963 106107 118940 138346 69173 123009 135216 34430 118001 125538 17493 116277 130340 151606 75803 134799 148176 37730 129311 82350 11475 76275 85500 99450 49725 88425 97200 24750 84825 134688 18768 124752 139840 162656 81328 144624 158976 40480 138736 125904 17544 116616 130720 152048 76024 135192 148608 37840 129688 70272 9792 65088 72960 84864 42432 75456 82944 21120 72384 25986 3621 24069 26980 31382 15691 27903 30672 7810 26767 148230 20655 137295 153900 179010 89505 159165 174960 44550 152685 94062 13107 87123 97660 113594 56797 101001 111024 28270 96889 131028 18258 121362 136040 158236 79118 140694 154656 39380 134966 313 343 225 368 344 192 71 405 257 358 366 51 339 380 442 221 393 432 110 377 41602 27994 176451 143723 59923 79429 2463 126292 195598 189998 23410 184621 40915 35825 59590 30676 185052 52233 55773 189843 159149 46465 196042 53094 47807 49158 43040 104484 193104 87597 107266 84399 197174 162191 133820 54849 95939 75282 147409 29113 3035 37962 87432 110102 14272 48993 125403 161259 113323 181566 2347 180703 83222 136534 196333 192915 157939 50516 116376 75327 41593 181147 60247 103132 117220 63331 82781 61863 55437 62732 54800 38773 68173 126216 36469 180884 25854 86439 129172 175073
200
14784 6720 2856 7840 11872 15568 4928 50160 22800 9690 26600 40280 52820 16720 58080 26400 11220 30800 46640 61160 19360 36960 16800 7140 19600 29680 38920 12320 13200 6000 2550 7000 10600 13900 4400 106920 48600 20655 56700 85860 112590 35640 84744 38520 16371 44940 68052 89238 28248 56 190 220 140 50 405 321 264 120 51 140 212 278 88 182909 117770 169748 145828 103220 7834 166206 98244 151231 70398 181524 117530 65618 189205 171081 2070 102423 89649 6354 4765 976 146435 116478 79280 79608 73137 71863 61419 137177 142269 85879 42134 184224 172237 123526 15092 100153 124212 154868 148482 90761 64604 150151 13707 54417 53565 54605 6974 197547 57667 10735 80447 16923 184709 100358 74993 72664 76119 137902 73925 28069 7163 58697 84147 39483 40085 160941 76090 80214 195792 154933 59930 99457 138334 100492 91653 161401 187374 192419 117957 6338 71886 17658 187275 125181 118471 55889 12873 138234 19390 106417 5039 73569 143334 163063 58113 117327 196242 87038 91326 110346 127299 125896 169269 107000 129024 156500 110051 50306 53869 32134 59980 39514 32539 138149 174837 39086 196554 132706 6269 17008 135075 168677 184397 24570 56066 174399 119527 56021 37308 61104 31308 181720 198157 83393 23088 156558
200
11231 36341 172975 102608 64956 181948 158181 33790 100203 83358 110432 8071 25650 180376 49717 53449 159691 169524 12420 164496 100849 192168 29880 13041 95243 96395 138754 143966 165231 109324 195188 14958 141352 178818 162213 128758 69432 185938 143372 9515 194177 60254 139590 185241 35123 146262 67765 41919 128858 100416 16226 65772 132217 81869 2297 160502 52410 33174 43581 136784 139671 148836 118895 163528 44977 79156 36680 19820 165408 68318 154237 191579 161979 86707 69481 63476 189532 172128 155215 88042 178028 179562 122104 60 32261 80813 186718 31714 187340 73275 184741 133196 192841 37341 75764 165379 85401 32749 54278 1588 14044 50549 137466 66254 11770 118895 165695 77486 41636 90139 78145 129004 45835 69161 13360 157056 6913 141705 17103 175150 155476 148027 178332 169220 129515 59746 179130 33889 48113 105709 185115 49227 185926 19034 77692 105863 43785 113128 86288 101984 104530 126240 159835 111890 4505 21584 24800 158317 193040 167962 87054 167464 193386 188490 10908 85148 196632 97679 196153 57352 187821 119183 154202 14265 20624 114197 23685 166173 157837 140530 148385 159316 41996 14867 172212 25137 113467 169424 192782 18052 6479 154495 65465 80939 91740 28 175674 83578 153551 82824 135959 77838 91694 29505 70706 94154 90646 86747 175684 84954
200
70650 103620 135962 5966 50868 19154 101422 55892 20410 92025 134970 177097 7771 66258 24949 132107 72802 26585 59400 87120 114312 5016 42768 16104 85272 46992 17160 28800 42240 55424 2432 20736 7808 41344 22784 8320 47250 69300 90930 3990 34020 12810 67830 37380 13650 21600 31680 41568 1824 15552 5856 31008 17088 6240 41625 61050 80105 3515 29970 11285 59755 32930 12025 21600 31680 41568 1824 15552 5856 31008 17088 6240 5175 7590 9959 437 3726 1403 7429 4094 1495 314 409 264 128 210 96 185 96 23 225 330 433 19 162 61 323 178 65 168097 106573 23909 167383 74441 63696 193301 156174 85459 120262 84913 24083 177670 172942 179337 146865 143384 161007 16003 169397 63048 144667 91184 37673 16059 24119 197709 138263 116310 150423 122882 166457 56744 169369 187011 1628 98298 58781 26515 160585 91706 5878 7018 72794 84008 78075 19815 154742 38653 24067 85644 128682 187418 80153 37257 43570 174905 193086 121458 58842 75014 2761 65964 193068 136592 156073 120539 32889 23104 114179 160073 68500 189349 154005 143297 140214 109321 13535 20923 156210 124178 2709 61342 146415 85430 128922 43435 63265 63456 38489 44323 153405 148249 104525 7364 71373 67083 61299 159120 74327 96032
200
78078 148005 24024 15873 116688 12870 114972 190476 168597 70785 45864 86940 14112 9324 68544 7560 67536 111888 99036 41580 14378 27255 4424 2923 21488 2370 21172 35076 31047 13035 24024 45540 7392 4884 35904 3960 35376 58608 51876 21780 3640 6900 1120 740 5440 600 5360 8880 7860 3300 22750 43125 7000 4625 34000 3750 33500 55500 49125 20625 16562 31395 5096 3367 24752 2730 24388 40404 35763 15015 49686 94185 15288 10101 74256 8190 73164 121212 107289 45045 37128 70380 11424 7548 55488 6120 54672 90576 80172 33660 7462 14145 2296 1517 11152 1230 10988 18204 16113 6765 429 252 79 132 20 125 91 273 204 41 182 345 56 37 272 30 268 444 393 165 15126 140417 152888 150780 163502 23148 57352 159526 1526 72429 22559 21430 72590 74056 150479 49223 106602 164736 150869 23239 28197 149946 198232 185137 46630 94326 43000 6773 181486 133162 184991 177501 173340 122284 42568 191095 56010 153308 107723 93332 56593 126850 117757 191994 193653 8336 77043 165248 199219 40064 41672 55092 181239 28809 105659 85112 57810 29807 40918 89190 198183 54455 196158 17307 150813 113160 196460 50596 147659 20108 145563 79508 60111 80119 66705 1930 64606 108813 51881 51146
200
131238 77031 2536 103025 55792 126483 74495 37406 175950 103275 3400 138125 74800 169575 99875 50150 31878 18711 616 25025 13552 30723 18095 9086 31878 18711 616 25025 13552 30723 18095 9086 26082 15309 504 20475 11088 25137 14805 7434 143658 84321 2776 112775 61072 138453 81545 40946 178020 104490 3440 139750 75680 171570 101050 50740 161460 94770 3120 126750 68640 155610 91650 46020 317 425 77 77 63 347 430 390 414 243 8 325 176 399 235 118 8184 100839 168506 169227 68138 68701 160593 36590 173891 133499 9680 90748 146454 53542 167590 160886 180301 169410 79509 115475 136627 177693 189360 14470 157816 162563 114379 134609 162790 4573 100981 189247 184518 135650 156037 83093 104885 180723 78612 84789 34749 164157 81231 38957 18531 28556 80337 171754 32784 80689 3353 168512 39465 71571 20220 98086 177029 52763 71129 195113 51431 94976 36056 120723 153702 190637 114873 116478 136152 129040 59554 42379 94213 171214 86025 147033 44928 15169 177076 171203 138525 176328 92482 137145 61126 126104 166003 170051 190042 24718 16203 91205 157760 17264 11201 101325 35731 124682 160691 21771 42609 93945 26638 127538 191557 115560 760 174611 8012 120956 71356 145979 93465 19914 128733 195320 169658 127779 11643 105308
200
200000 200000 200000 200000 200000 200000 200000 200000 200000 200000 200000 200000 200000 200000 200000 200000 200000 200000 200000 200000 200000 200000 200000 200000 200000 200000 200000 200000 200000 200000 200000 200000 200000 200000 200000 200000 200000 200000 200000 200000 200000 200000 200000 200000 200000 200000 200000 200000 200000 200000 200000 200000 200000 200000 200000 200000 200000 200000 200000 200000 200000 200000 200000 200000 200000 200000 200000 200000 200000 200000 200000 200000 200000 200000 200000 200000 200000 200000 200000 200000 200000 200000 200000 200000 200000 200000 200000 200000 200000 200000 200000 200000 200000 200000 200000 200000 200000 200000 200000 200000 200000 200000 200000 200000 200000 200000 200000 200000 200000 200000 200000 200000 200000 200000 200000 200000 200000 200000 200000 200000 200000 200000 200000 200000 200000 200000 200000 200000 200000 200000 200000 200000 200000 200000 200000 200000 200000 200000 200000 200000 200000 200000 200000 200000 200000 200000 200000 200000 200000 200000 200000 200000 200000 200000 200000 200000 200000 200000 200000 200000 200000 200000 200000 200000 200000 200000 200000 200000 200000 200000 200000 200000 200000 200000 200000 200000 200000 200000 200000 200000 200000 200000 200000 200000 200000 200000 200000 200000 200000 200000 200000 200000 200000 200000 200000 200000 200000 200000 200000 200000
200
0 1 1 1 1 1 0 0 1 0 0 0 1 0 0 0 1 0 0 1 1 0 0 1 0 0 0 1 0 0 1 0 1 1 0 0 1 0 0 1 0 0 1 0 1 0 1 1 0 0 0 0 1 1 0 0 0 0 0 1 0 1 1 0 0 1 0 1 1 1 1 1 1 1 0 0 0 1 1 1 0 1 0 1 1 1 0 1 1 1 0 1 0 0 1 0 1 0 1 1 1 0 1 1 0 1 1 0 1 1 0 0 1 1 1 1 1 1 0 1 1 1 1 1 1 0 0 1 1 0 0 1 0 0 1 1 0 1 0 1 1 1 1 0 1 0 0 0 1 1 0 0 1 0 0 0 1 0 1 0 1 1 1 1 0 1 1 0 0 0 1 1 1 0 1 1 1 0 1 1 0 0 0 0 1 0 1 0 1 1 1 1 0 0 0 0 0 0 0 1
