30
6
5 2 4 6 3 1
6
2 4 8 16 32 64
3
1 1 1
3
200000 200000 200000
200
2201 109941 135492 21347 45530 69683 132151 66962 106980 40938 56798 44678 83705 116299 58983 117659 48837 126893 109122 159113 95504 8289 23220 135394 17637 148291 150729 182111 129980 140797 118039 146808 163264 198355 143696 54749 27157 161791 133331 60484 50654 137185 87853 193612 74615 26042 784 28877 66069 186375 22357 156902 39023 26240 148085 40752 60657 25847 57271 125321 92302 10681 25506 64810 34497 52285 193686 177281 170824 163079 186031 95057 68651 128476 23445 167522 168760 37887 109769 128347 153588 55923 119362 50396 94529 86800 158415 197396 180134 29913 188887 140357 167181 50822 77101 182289 61431 30328 62319 146689 53563 193264 87748 101944 36469 139834 49818 25894 142864 26452 193863 86412 173095 135854 10678 31586 75863 92636 115894 43363 42146 117420 176105 92846 61256 155526 143848 80912 28444 88206 75065 62309 189592 139579 130887 199774 179104 85997 135514 72685 17398 188686 159444 99102 106830 98630 80552 163096 110453 92548 4330 196004 121675 155833 120893 132109 652 193461 184391 134842 51054 176114 190765 181056 67859 128376 83744 36293 151011 99569 65531 39832 83982 22069 105858 63943 117508 93870 195222 78413 29149 81529 14588 13097 145425 52927 65429 158389 116575 55792 174908 181349 76080 23440 72560 174255 139436 43877 145061 181912
200
1 1 1 1 1 1 1 1 1 1 1 1 1 1 1 1 1 1 1 1 1 1 1 1 1 1 1 1 1 1 1 1 1 1 1 1 1 1 1 1 1 1 1 1 1 1 1 1 1 1 1 1 1 1 1 1 1 1 1 1 1 1 1 1 1 1 1 1 1 1 1 1 1 1 1 1 1 1 1 1 1 1 1 1 1 1 1 1 1 1 1 1 1 1 1 1 1 1 1 1 1 1 1 1 1 1 1 1 1 1 1 1 1 1 1 1 1 1 1 1 1 1 1 1 1 1 1 1 1 1 1 1 1 1 1 1 1 1 1 1 1 1 1 1 1 1 1 1 1 1 1 1 1 1 1 1 1 1 1 1 1 1 1 1 1 1 1 1 1 1 1 1 1 1 1 1 1 1 1 1 1 1 1 1 1 1 1 1 1 1 1 1 1 1 1 1 1 1 1 1
200
0 0 0 0 0 0 0 0 0 0 0 0 0 0 0 0 0 0 0 0 0 0 0 0 0 0 0 0 0 0 0 0 0 0 0 0 0 0 0 0 0 0 0 0 0 0 0 0 0 0 0 0 0 0 0 0 0 0 0 0 0 0 0 0 0 0 0 0 0 0 0 0 0 0 0 0 0 0 0 0 0 0 0 0 0 0 0 0 0 0 0 0 0 0 0 0 0 0 0 0 0 0 0 0 0 0 0 0 0 0 0 0 0 0 0 0 0 0 0 0 0 0 0 0 0 0 0 0 0 0 0 0 0 0 0 0 0 0 0 0 0 0 0 0 0 0 0 0 0 0 0 0 0 0 0 0 0 0 0 0 0 0 0 0 0 0 0 0 0 0 0 0 0 0 0 0 0 0 0 0 0 0 0 0 0 0 0 0 0 0 0 0 0 0 0 0 0 0 0 0
200
64356 154008 2232 89280 38688 161820 42408 75516 2232 110484 63984 31248 40136 96048 1392 55680 24128 100920 26448 47096 1392 68904 39904 19488 23874 57132 828 33120 14352 60030 15732 28014 828 40986 23736 11592 27507 65826 954 38160 16536 69165 18126 32277 954 47223 27348 13356 46883 112194 1626 65040 28184 117885 30894 55013 1626 80487 46612 22764 52765 126270 1830 73200 31720 132675 34770 61915 1830 90585 52460 25620 62972 150696 2184 87360 37856 158340 41496 73892 2184 108108 62608 30576 50689 121302 1758 70320 30472 127455 33402 59479 1758 87021 50396 24612 45326 108468 1572 62880 27248 113970 29868 53186 1572 77814 45064 22008 54149 129582 1878 75120 32552 136155 35682 63539 1878 92961 53836 26292 58128 139104 2016 80640 34944 146160 38304 68208 2016 99792 57792 28224 65394 156492 2268 90720 39312 164430 43092 76734 2268 112266 65016 31752 372 232 138 159 271 305 364 293 262 313 336 378 173 414 6 240 104 435 114 203 6 297 172 84 128331 84964 194176 41762 109958 32412 96433 35766 108450 146148 24664 5014 180837 15890 35752 37432 170188 182296 154816 72878 124895 170186 135475 157680 60179 114315 79497 24354 150914 106696 183764 195627
200
73892 79968 27048 74676 63700 25872 54096 33908 36848 60368 16268 77812 7917 8568 2898 8001 6825 2772 5796 3633 3948 6468 1743 8337 74269 80376 27186 75057 64025 26004 54372 34081 37036 60676 16351 78209 26013 28152 9522 26289 22425 9108 19044 11937 12972 21252 5727 27393 95004 102816 34776 96012 81900 33264 69552 43596 47376 77616 20916 100044 83694 90576 30636 84582 72150 29304 61272 38406 41736 68376 18426 88134 7163 7752 2622 7239 6175 2508 5244 3287 3572 5852 1577 7543 72761 78744 26634 73533 62725 25476 53268 33389 36284 59444 16019 76621 150046 162384 54924 151638 129350 52536 109848 68854 74824 122584 33034 158006 117624 127296 43056 118872 101400 41184 86112 53976 58656 96096 25896 123864 159471 172584 58374 161163 137475 55836 116748 73179 79524 130284 35109 167931 101036 109344 36984 102108 87100 35376 73968 46364 50384 82544 22244 106396 196 21 197 69 252 222 19 193 398 312 423 268 377 408 138 381 325 132 276 173 188 308 83 397 148589 29584 122396 93586 54820 162975 160814 18650 109501 131416 162622 60155 106367 166155 60344 54629 25835 119163 48059 149608 25192 105935 88989 145558 153795 85521 110596 196334 14929 170879 26735 178523
200
63282 88568 83103 3529 154132 89674 14359 22047 127359 30059 71663 198629 97129 76588 103602 40891 94450 81522 127329 173877 96877 148279 109166 63489 107478 135358 1454 116794 19934 175097 76421 134502 18803 79945 126397 83778 17611 15951 195833 88178 24374 18615 75110 173413 111309 133966 7749 122250 86606 148094 193621 23993 193398 32724 86797 15199 106576 155704 29172 102327 10090 115181 100416 117722 36169 16548 27810 138630 6802 42183 83943 43599 84822 161791 53025 10423 142738 8825 68260 198418 65658 173217 71179 196398 62782 134388 177226 40657 22338 50322 160312 82845 63744 16886 108018 139529 109998 65947 22610 76714 28821 99993 74288 178482 42341 91751 84266 75213 114314 121813 127879 122519 93096 11340 93904 171876 61359 107296 27179 4883 171015 34040 66399 6732 132991 19919 172351 98750 15618 121878 128285 84365 45059 186701 126462 115854 193242 357 49094 49667 76852 122394 198499 127337 191687 150668 79090 25174 190122 87300 8463 65124 103803 73830 158286 159403 100770 28123 42708 51682 49246 27177 51280 197982 23985 11772 189789 48217 60985 81309 14310 155646 57038 5573 116233 124578 101219 72361 67631 54103 171815 27974 114616 63606 126066 138938 196416 48385 169562 70565 126894 192686 110730 199984 170174 163220 22094 18578 20597 102107
200
0 1 0 1 0 1 1 0 1 0 0 0 0 1 0 0 1 0 1 0 1 1 1 0 1 1 1 0 0 1 1 0 1 0 1 0 0 0 1 1 1 0 0 0 1 0 1 0 0 0 1 1 1 1 1 0 0 0 0 1 1 0 1 1 0 1 0 1 0 1 0 0 1 1 1 1 1 1 1 0 1 0 0 0 0 0 0 0 0 0 0 1 1 1 0 1 1 1 0 0 1 0 0 1 1 1 0 0 0 0 1 1 1 0 0 0 0 0 0 0 0 0 1 1 1 1 0 0 1 1 1 1 0 0 0 0 1 1 1 1 1 1 1 0 0 0 1 1 0 1 0 0 0 1 1 0 0 0 1 0 0 0 0 1 0 1 1 1 1 1 0 0 1 1 0 1 1 0 0 0 1 1 0 1 1 1 1 1 1 1 0 0 1 0 1 0 1 0 0 1
200
88505 74009 147607 117114 174708 167050 187658 69463 131478 38904 87915 20806 131713 51589 55805 93260 13618 125652 9661 169558 48751 147209 79910 148808 43134 95834 155601 96479 170957 66687 176502 193503 166733 1216 195313 147460 149413 172449 117469 8997 130202 129225 135547 130273 197002 118263 18160 160791 166203 145518 3071 71211 178464 36391 123771 147091 20420 160916 189869 146302 24242 162169 122933 129189 92075 106015 13052 77168 180797 17928 167627 63251 64003 774 182540 97404 137343 195954 120995 163320 111725 179381 62773 33256 190095 79473 100775 95564 129159 111422 127843 127403 126551 38948 22715 46536 50078 167563 133164 94011 130116 186656 123479 136214 67220 75104 169796 44344 16443 26765 154490 161913 3048 117366 31192 77791 14422 120695 79934 118016 115900 50671 146684 146053 17764 60162 190197 158666 121057 153240 35731 94288 129048 51889 177775 49714 794 108094 46085 137220 2624 11338 167836 181897 85197 25923 192795 56562 134496 10786 72397 139692 59886 98057 169568 110527 37001 82274 193030 115444 111984 180294 85700 9562 115556 143780 161391 183384 50030 34289 133589 186928 144220 62118 22847 32596 168600 135996 90540 186256 52303 149387 192145 81670 76315 199107 103771 177075 163992 7666 127112 118782 180558 96650 60039 34203 61228 156099 11695 94702
200
100678 11799 44641 52136 169263 13190 179007 66096 36791 42984 7761 111522 101882 175756 96078 68244 160072 78420 100415 52379 94652 24223 193831 118292 98794 22594 96769 69908 134356 20091 73618 54026 78768 152589 70020 62513 185269 78677 140488 79578 124400 57680 101469 117544 4098 33164 60835 75964 192531 128092 94763 11535 131596 69766 46030 161809 125419 136912 151202 86556 37813 169971 184765 99212 129596 197719 60065 190575 199611 73064 101123 138074 168198 158815 121294 93521 189121 193321 100564 95095 67421 46549 170430 187691 48705 4239 24012 72214 72174 21487 45693 161446 33647 37479 195498 113981 122890 180727 81293 26167 109882 26121 94808 2809 27319 79325 100236 28456 173322 100502 129900 60436 64716 72995 191538 8821 10744 69465 195986 103190 112098 136879 96643 55487 124859 99965 3434 168998 9220 175605 175480 123281 77835 71497 13567 141089 153593 170819 111892 174573 78389 150419 165394 109243 68394 133783 118231 144953 104698 83710 17186 171577 163150 130115 61233 5216 99672 37779 109593 73148 131018 144531 9960 122293 63017 131901 2868 20538 19304 55281 16524 67434 87906 193432 162606 5881 69712 44906 197860 87502 6010 174008 101781 43761 77232 104148 35486 147474 2558 63093 56258 57711 106006 154944 93109 38339 32458 1228 167505 168989
200
1 1 1 0 1 1 1 0 0 0 1 1 0 1 1 1 0 1 1 0 1 0 1 0 1 0 0 1 0 1 0 0 1 1 0 1 0 1 0 0 0 1 0 0 1 1 1 1 0 1 1 0 0 0 0 0 0 1 0 0 1 1 0 1 0 0 0 1 0 0 0 0 0 0 0 1 0 1 1 0 1 0 0 0 1 1 1 1 0 1 0 1 1 1 0 1 1 0 1 1 0 1 1 1 0 0 0 1 1 1 1 1 1 1 1 0 1 1 0 0 1 1 1 1 1 1 0 0 0 1 1 0 0 0 0 1 0 1 1 1 0 1 0 1 1 1 1 1 0 0 1 1 1 1 0 1 1 1 1 1 1 1 1 0 0 1 1 1 1 0 0 1 1 1 0 0 0 0 0 0 0 0 1 0 1 1 1 1 0 0 0 0 0 0 0 1 0 0 0 1
200
70488 3354 10527 70732 78935 128687 153790 180464 15931 35057 175419 120762 144783 67445 147407 161799 121330 133795 103284 172537 21672 102830 567 91806 137430 105979 161628 64502 77949 83632 126889 131702 184530 124122 132266 167551 62688 135158 24386 188411 94906 12374 86234 121849 93117 111108 12414 182316 22975 103215 36538 157089 114406 3209 171292 168330 86038 189313 139946 13093 175833 89869 41934 190601 90698 125374 161023 113688 30902 98530 67727 179862 49976 99052 107220 91718 141173 3197 174845 52863 69253 139139 45657 621 196539 178244 54531 28121 171011 50245 160247 160566 147344 68224 105461 198270 13571 61791 53340 102756 197380 33228 5200 105082 25612 180001 21825 21114 68161 104956 139327 152788 89851 72114 199679 90029 98238 93290 105981 138841 177738 145932 19391 62740 97874 17760 74997 154992 190931 156778 79281 46489 88497 123098 135324 138421 151613 9052 7748 70951 106645 155023 132742 78166 13693 163034 87637 108074 128054 6498 175872 174394 128480 82093 116058 140721 31230 69129 143508 76062 135777 5679 172134 167329 136268 198862 38230 89158 179680 100178 52021 10002 151535 179806 182108 2585 33481 136576 147102 118488 179385 111470 97058 174763 123374 53650 86086 20958 42911 139420 158834 181153 185083 186608 104536 164925 157653 84922 184145 26428
3
65537 65537 131073
200
28202 27612 18526 14750 34574 21358 43188 45649 44694 29987 23875 55963 34571 69906 48995 47970 32185 25625 60065 37105 75030 104443 102258 68609 54625 128041 79097 159942 24139 23634 15857 12625 29593 18281 36966 104682 102492 68766 54750 128334 79278 160308 37284 36504 24492 19500 45708 28236 57096 118 191 205 437 101 438 156 239 234 157 125 293 181 366 97915 44841 197248 28841 64718 152655 41526 131508 61335 19663 55515 772 15908 11942 60186 149001 140022 133575 50433 2671 198830 110383 3681 97792 54539 151215 163100 127904 160269 65425 146467 93393 12030 99584 142355 174534 189796 56605 17657 197883 64386 41739 175043 93448 3377 188612 79267 130003 117292 170836 125793 2596 97267 186080 103219 82058 125007 103014 140204 105676 98563 53742 109515 90401 119045 93307 96604 138911 73778 188800 23288 37118 65296 128917 102884 79597 42814 88179 182283 8540 165217 172167 26011 90874 187388 122605 138332 119341 48661 101489 112145 103160 64212 18202 50632 84212 190829 170285 168840 40146 164836 68283 179798 130759 91429 148848 194724 8516 160930 88546 163782 49067 121341 84165 105262 58291 11052 52942 119865 132446 110608 195153 93332 150178 62605 38631 55514 165775 84380 158671 22322 45282 75357 197148 197388 46601 172837
200
189516 90086 150290 25817 52312 55839 27772 114294 143358 194589 21017 134683 171747 104275 33447 46714 146606 166856 83892 104413 7197 113946 74234 144233 121433 139972 55685 64727 117861 160866 41156 41535 55238 186480 112828 121595 185096 168956 62810 190941 29088 78932 101352 14616 87157 37444 134828 118239 98670 126103 78655 187019 44853 186471 70243 2745 29835 120252 179207 187201 36273 6447 168394 34075 114346 122115 198997 133102 4151 12445 68387 2167 192891 43400 157131 160566 51187 162684 121692 16336 33330 123524 78896 128795 60924 126155 138575 90094 109700 43007 193877 94361 49695 7592 194083 62680 155377 23523 121207 185780 49710 159369 118099 34709 136673 186691 73978 63610 147704 179645 133806 86549 66121 50284 106721 36330 78553 1825 113232 142815 169367 191121 136623 137724 90655 47660 132619 145040 165563 144801 31910 9613 143535 199895 106768 23661 128624 117139 28368 128246 32514 18008 50701 104083 149919 37073 118231 9866 170492 172040 111199 128212 127705 101666 70225 104077 146736 69548 53067 112517 115733 178612 122599 17751 11385 171259 92749 96940 181722 43378 162348 48880 70217 81698 128878 26155 194005 19150 15393 31872 133328 154984 181387 157768 123576 60370 197036 106545 179113 95123 171588 164493 148893 155676 6321 39799 144856 63227 59501 145740
200
27720 18144 23184 72576 72072 25200 39648 11424 21672 23595 15444 19734 61776 61347 21450 33748 9724 18447 31515 20628 26358 82512 81939 28650 45076 12988 24639 17490 11448 14628 45792 45474 15900 25016 7208 13674 48840 31968 40848 127872 126984 44400 69856 20128 38184 68475 44820 57270 179280 178035 62250 97940 28220 53535 7260 4752 6072 19008 18876 6600 10384 2992 5676 43230 28296 36156 113184 112398 39300 61832 17816 33798 71445 46764 59754 187056 185757 64950 102188 29444 55857 168 143 191 106 296 415 44 262 433 165 108 138 432 429 150 236 68 129 86939 104492 160065 168000 172462 189925 187754 159032 91826 58996 148559 35362 112132 191912 11333 8463 120274 127457 36985 118598 198785 169561 154059 71938 53130 100507 129379 162579 34429 181751 65731 184631 30500 47464 60697 144665 198912 177820 170157 114767 7348 148483 164632 72194 130878 171660 178274 185768 164242 75581 40522 163946 192169 18627 39725 61350 197070 99134 80774 144621 2718 59566 113024 186554 127684 116445 29745 141875 49649 73254 22949 52032 116600 41037 134899 171277 122447 67678 137244 188051 157118 3610 156836 47605 64984 179778 199123 43377 105934 19239 110903 172264 32450 53651 140000 52256 89462 12872 11040 54558 57280
200
159485 94723 151983 128801 199180 1986 113179 48274 165754 125747 177585 64961 94977 71944 47729 11615 119254 66140 8911 35536 62112 95962 82949 71334 141483 22985 98685 119799 9183 45419 143980 159179 34065 39433 126662 107467 135040 156908 19405 71497 122535 22136 121355 68972 129942 3383 91524 147527 94341 186416 133726 155570 181277 141739 116359 177267 129905 100405 66391 143344 187533 57686 21128 76759 13173 77586 117925 89291 180538 137795 172016 179995 10053 36287 75469 44651 119417 61174 150602 149388 43004 17201 196389 155433 136965 22071 52057 139816 173197 112017 24978 16344 95538 99688 145046 144231 150346 149726 18652 97600 26656 95411 184080 22856 107653 156050 75479 11939 80509 188213 107287 148976 61704 131361 3971 55844 120473 41690 172283 16640 182691 195755 83783 173934 36322 156852 86586 168255 131940 47241 76326 40190 165732 149905 79724 104382 130566 59452 92769 35975 169389 173439 107270 26381 177300 155564 141722 62542 178398 113796 67884 21336 59415 42401 110150 68694 49249 22661 46324 188355 47070 513 141154 150266 78649 197194 187516 181721 156039 89472 110363 54989 149777 67615 79078 149698 10073 29501 37992 49153 9497 122030 181627 35894 173916 43207 40754 167090 192583 124109 16914 5076 23890 178179 37681 99750 175076 172521 189273 136085
200
31248 16506 46242 16758 21546 34776 24066 20160 5292 10458 34272 8432 4454 12478 4522 5814 9384 6494 5440 1428 2822 9248 62248 32881 92117 33383 42921 69276 47941 40160 10542 20833 68272 17112 9039 25323 9177 11799 19044 13179 11040 2898 5727 18768 8680 4585 12845 4655 5985 9660 6685 5600 1470 2905 9520 87792 46374 129918 47082 60534 97704 67614 56640 14868 29382 96288 89776 47422 132854 48146 61902 99912 69142 57920 15204 30046 98464 60760 32095 89915 32585 41895 67620 46795 39200 10290 20335 66640 108376 57247 160379 58121 74727 120612 83467 69920 18354 36271 118864 94488 49911 139827 50673 65151 105156 72771 60960 16002 31623 103632 37200 19650 55050 19950 25650 41400 28650 24000 6300 12450 40800 126 34 251 69 35 354 362 245 437 381 150 248 131 367 133 171 276 191 160 42 83 272 51931 104525 178657 7997 145675 190947 160531 131297 131418 65102 54093 71777 8525 150285 55042 112460 155967 38525 65071 54441 85364 149973 90203 56233 183648 28687 190111 15979 55818 177569 6878 188353 27124 15663 22345 183052 186628 138451 149560 151149 125391 84910 142213 80621 153284 81368 66528 55442 71323 26100 184549 25679 89716 132794 150648 138913 107994
200
26532 39664 39664 47436 27336 15008 35912 5628 45024 22572 33744 33744 40356 23256 12768 30552 4788 38304 9405 14060 14060 16815 9690 5320 12730 1995 15960 24354 36408 36408 43542 25092 13776 32964 5166 41328 15840 23680 23680 28320 16320 8960 21440 3360 26880 14256 21312 21312 25488 14688 8064 19296 3024 24192 11880 17760 17760 21240 12240 6720 16080 2520 20160 9108 13616 13616 16284 9384 5152 12328 1932 15456 9999 14948 14948 17877 10302 5656 13534 2121 16968 268 228 95 246 160 144 120 92 101 99 148 148 177 102 56 134 21 168 115938 35275 94632 134974 155579 183010 197077 8845 178147 174524 61070 136701 95291 25749 12345 33634 152072 195912 107762 177393 67582 113329 107509 89178 19399 10222 58649 4070 140783 12330 22068 152932 98009 24058 54151 53907 161087 48385 35743 87858 174648 145877 16115 142127 192432 198810 182462 31554 111941 171200 150562 167911 142480 80840 19348 43323 18519 138931 69079 31931 128052 40873 16956 48109 191759 39645 189150 65094 84759 121278 58633 157501 198706 77022 286 99167 68201 4879 81770 12126 197280 129517 73630 39407 170520 73151 164663 111592 120814 32804 185908 144278 56113 119516 133387 36204 45561 136227 78788 168608 178732
200
200000 200000 200000 200000 200000 200000 200000 200000 200000 200000 200000 200000 200000 200000 200000 200000 200000 200000 200000 200000 200000 200000 200000 200000 200000 200000 200000 200000 200000 200000 200000 200000 200000 200000 200000 200000 200000 200000 200000 200000 200000 200000 200000 200000 200000 200000 200000 200000 200000 200000 200000 200000 200000 200000 200000 200000 200000 200000 200000 200000 200000 200000 200000 200000 200000 200000 200000 200000 200000 200000 200000 200000 200000 200000 200000 200000 200000 200000 200000 200000 200000 200000 200000 200000 200000 200000 200000 200000 200000 200000 200000 200000 200000 200000 200000 200000 200000 200000 200000 200000 200000 200000 200000 200000 200000 200000 200000 200000 200000 200000 200000 200000 200000 200000 200000 200000 200000 200000 200000 200000 200000 200000 200000 200000 200000 200000 200000 200000 200000 200000 200000 200000 200000 200000 200000 200000 200000 200000 200000 200000 200000 200000 200000 200000 200000 200000 200000 200000 200000 200000 200000 200000 200000 200000 200000 200000 200000 200000 200000 200000 200000 200000 200000 200000 200000 200000 200000 200000 200000 200000 200000 200000 200000 200000 200000 200000 200000 200000 200000 200000 200000 200000 200000 200000 200000 200000 200000 200000 200000 200000 200000 200000 200000 200000 200000 200000 200000 200000 200000 200000
200
131073 131073 131073 131073 65537 65537 131073 65537 65537 65537 131073 65537 131073 65537 131073 65537 131073 131073 65537 131073 131073 131073 131073 65537 131073 65537 65537 131073 65537 65537 65537 65537 131073 131073 65537 65537 131073 65537 131073 131073 131073 131073 65537 65537 65537 65537 65537 131073 65537 65537 65537 131073 65537 131073 65537 65537 131073 131073 131073 131073 131073 65537 65537 65537 65537 131073 131073 65537 65537 65537 131073 65537 65537 131073 65537 65537 65537 65537 65537 65537 131073 131073 131073 65537 65537 65537 131073 131073 65537 131073 65537 65537 65537 65537 131073 65537 131073 131073 131073 131073 65537 131073 131073 65537 131073 65537 65537 131073 65537 65537 131073 65537 131073 131073 65537 65537 131073 131073 65537 131073 65537 131073 131073 131073 131073 131073 131073 131073 131073 65537 65537 65537 65537 65537 65537 131073 131073 65537 65537 65537 65537 131073 65537 65537 131073 131073 131073 65537 131073 131073 131073 131073 65537 131073 131073 131073 65537 131073 131073 65537 131073 131073 131073 131073 65537 65537 131073 131073 65537 131073 65537 65537 65537 131073 65537 65537 131073 65537 65537 65537 65537 131073 131073 131073 65537 131073 131073 131073 65537 131073 65537 65537 131073 131073 65537 131073 131073 65537 65537 131073
200
0 0 0 0 0 0 0 0 0 0 0 0 0 0 0 0 0 0 0 0 0 0 0 0 0 0 0 0 0 0 0 0 0 0 0 0 0 0 0 0 0 0 0 0 0 0 0 0 0 0 0 0 0 0 0 0 0 0 0 0 0 0 0 0 0 0 0 0 0 0 0 0 0 0 0 0 0 0 0 0 0 0 0 0 0 0 0 0 0 0 0 0 0 0 0 0 0 0 0 0 120433 150699 7463 165372 65324 69956 156068 106824 85469 170505 28604 131322 35467 186760 135074 33645 190115 144236 20954 149623 1036 18553 171160 9893 120817 183955 7403 16365 190388 43841 68891 134854 42486 191936 31156 181172 83618 54927 151987 58168 111564 46491 146024 118847 81805 6873 52428 36930 144670 56983 31067 59655 83874 179936 103591 152309 118841 79921 59465 46085 36338 133874 2609 87963 74113 64804 64761 123406 134778 43345 152776 190211 14356 69107 180670 147316 62938 113551 82162 46523 169089 180067 987 159270 107479 28629 75588 131675 134208 156856 143148 145861 149359 145821 102567 4485 47496 159869 31375 139292
200
106080 136968 16848 1872 32136 124176 16848 90792 16660 21511 2646 294 5047 19502 2646 14259 147560 190526 23436 2604 44702 172732 23436 126294 106080 136968 16848 1872 32136 124176 16848 90792 96900 125115 15390 1710 29355 113430 15390 82935 44200 57070 7020 780 13390 51740 7020 37830 21420 27657 3402 378 6489 25074 3402 18333 56440 72874 8964 996 17098 66068 8964 48306 312 49 434 312 285 130 63 166 340 439 54 6 103 398 54 291 67366 141254 67468 91431 77970 17613 173961 170294 197147 127650 733 61978 30231 98846 170006 153307 180397 39110 161959 66770 24559 108958 93623 3747 37116 148396 113362 166656 166109 53540 93286 145064 160228 147635 22791 112358 158099 49937 102926 105801 130878 154329 153501 6079 35763 117370 1336 117751 33951 80931 121188 136363 169484 139070 76958 49496 41177 121234 2488 47932 105429 194242 34667 134664 145758 42763 131763 108548 8066 149533 197829 110648 148112 172313 104908 104503 153156 80480 120009 82796 85162 137432 76903 143450 116062 189509 124229 116020 3060 126927 5531 19563 104613 52807 99791 1288 146043 94465 75165 71933 67011 88047 159618 90994 154691 118728 59606 37408 70185 109718 187764 930 86707 142092 77757 144200 142987 156249 62351 122224
200
48942 156843 80664 170916 24408 50058 82683 48698 95325 139916 120827 65993 48069 107802 23537 8549 118768 38694 184087 122147 27756 129219 130330 17048 60908 89546 64322 21314 135329 70545 141348 192585 40405 198531 184184 166983 120845 46722 135945 193709 81126 122345 46238 50794 104613 142344 76476 144200 135656 59224 115847 88665 153409 69176 88467 131547 101005 137860 139793 61310 145917 1947 82398 21187 128400 44094 104523 19825 183438 111016 29662 3412 61052 76323 15243 84297 17407 13282 47182 24999 37913 62883 198170 189421 111 38538 98245 154702 132700 98629 37876 96194 140790 139868 17309 107733 190046 90943 63477 160266 150133 164466 164318 17041 116821 144762 182770 4400 32984 86602 197455 121776 136542 85057 89486 104807 131979 178145 102455 20477 112801 48640 150124 125312 24119 175222 173532 83209 48762 165520 148529 95528 114002 164471 6685 144744 6668 21955 13313 132663 31660 48635 124083 70304 55697 179526 91393 95333 32369 55315 194621 13114 143270 87016 29555 19176 12037 92182 186498 175991 188109 1268 99335 27717 110317 58913 108938 116737 2831 18689 108686 187855 50053 141552 160975 115366 172869 149266 34141 65458 136448 147967 133643 73406 81189 117475 143229 76791 106012 77479 173258 161957 100834 104534 49849 53874 72530 31939 150983 143119
200
166323 40590 105773 92584 193518 178466 165923 149096 26136 163736 159702 76004 41401 8165 194515 117001 152549 7146 23619 191811 54721 26408 124074 137836 199509 76884 97600 62239 112642 123920 72196 22391 25530 164235 116912 126928 119628 199482 188015 186070 97031 188781 32171 194053 83235 148076 72214 127537 89533 184302 10819 148886 63153 51599 54809 148180 121128 119950 167639 57665 75903 135504 19249 171126 21494 23951 193747 78006 30570 135415 3098 96948 62166 145699 160539 18824 197250 119128 60621 5931 146782 154294 51217 21577 164673 96470 37550 34207 184133 31196 109429 199768 184235 147086 86037 33797 110635 148480 137930 159625 166047 91593 8170 82065 146555 176978 168625 166594 23201 66857 6429 176193 172668 15158 155661 110483 32145 25263 36316 50261 85276 126054 113330 168256 63423 32340 66700 96604 144622 16888 21980 87045 196039 52075 38384 163157 62964 165238 40049 46476 46053 143052 78535 182995 83728 180600 199626 143332 165112 142151 137456 94518 100705 104039 55074 112684 15954 62681 87491 83388 102161 102397 165321 86959 153346 88078 113691 198447 136334 192947 52730 61750 171983 121637 25108 75993 79962 185984 143210 127703 134483 89983 192564 58907 186036 87032 94067 129508 80284 41021 189397 169990 62469 157767 190354 167552 27245 7739 115832 18652
200
0 0 0 0 0 0 0 0 0 0 0 0 0 0 0 0 0 0 0 0 0 0 0 0 0 0 0 0 0 0 0 0 0 0 0 0 0 0 0 0 0 0 0 0 0 0 0 0 0 0 0 0 0 0 0 0 0 0 0 0 0 0 0 0 0 0 0 0 0 0 0 0 0 0 0 0 0 0 0 0 0 0 0 0 0 0 0 0 0 0 0 0 0 0 0 0 0 0 0 0 117081 50193 66842 129359 37286 74536 26875 75292 131403 197959 150362 157011 18339 106489 195067 17783 128772 95776 21889 114750 119309 160573 35189 44497 152536 158272 183604 45388 124642 171126 53284 198245 61865 67432 795 95608 144309 43211 61476 15561 100142 151120 107538 54717 170316 152377 131095 33966 6263 138774 122672 58556 149813 40306 38989 96011 109926 157012 74884 7222 128586 145995 115506 62338 191809 102904 86703 87402 166511 198714 71556 141665 80933 190270 96176 109452 42630 130895 127234 127231 57150 14935 138329 91189 128105 38634 52348 64687 113636 192687 182926 9923 31220 67540 83323 193349 145155 121894 41163 132214
200
36045 20331 19359 29727 13284 34182 15795 21222 33291 23652 21708 1782 128160 72288 68832 105696 47232 121536 56160 75456 118368 84096 77184 6336 186010 104918 99902 153406 68552 176396 81510 109516 171798 122056 112024 9196 101460 57228 54492 83676 37392 96216 44460 59736 93708 66576 61104 5016 11125 6275 5975 9175 4100 10550 4875 6550 10275 7300 6700 550 35600 20080 19120 29360 13120 33760 15600 20960 32880 23360 21440 1760 74315 41917 39913 61289 27388 70474 32565 43754 68637 48764 44756 3674 21805 12299 11711 17983 8036 20678 9555 12838 20139 14308 13132 1078 55180 31124 29636 45508 20336 52328 24180 32488 50964 36208 33232 2728 109470 61746 58794 90282 40344 103812 47970 64452 101106 71832 65928 5412 89445 50451 48039 73767 32964 84822 39195 52662 82611 58692 53868 4422 8010 4518 4302 6606 2952 7596 3510 4716 7398 5256 4824 396 81 288 418 228 25 80 167 49 124 246 201 18 445 251 239 367 164 422 195 262 411 292 268 22 60272 81786 69186 99793 86168 156635 102356 94223 116244 101883 62322 108696 47640 141328 116639 28130 175255 122578 185529 187675 68197 55757 11858 189473 14931 174810 34039 133303 21089 87367 170471 101297
