100
5 1
3 1 4 1 5 9
2 7 1 8 2 9
4 8 15 16 23 42
64 1
33999332 7682338 13702948 17059531 25430801 58283931
286728776 64582754 47613979 392536002 446437292 479857683
28817118 56789564 22668040 1448861 51328107 70972418
396247 1
316801883 212224611 526688685 703576965 397597037 784327467
999999999 999999999 0 0 999999999 1000000000
382810049 529439564 115382413 609440139 397239610 613174271
400000 1
154160245 324081978 355257013 204806722 242035578 489710590
154160245 324081978 355257013 204806722 242035578 489710590
187400 234906 363740 329811 309564 400000
396247 1
0 0 0 0 0 1000000000
194428878 73306335 230778129 264283363 52709334 272835179
418850652 526605533 207515553 787997094 879212448 978577039
186559 1
0 0 0 0 0 1000000000
999999999 999999999 0 0 999999999 1000000000
83799764 292316483 77730999 279249646 82803211 407608044
400000 1
500183834 109244193 30241010 202980228 18097456 876304334
500183834 109244193 30241010 202980228 18097456 876304334
72558 124343 369398 205723 2892 400000
79203 1
47995957 112361924 134525616 189024144 21413067 198623506
34751594 168108730 56323041 63242691 186484715 253149663
300088245 512149553 447292996 757430767 103582535 838063060
400000 1
266398517 351912949 673341287 39506211 180510861 709837113
999999999 999999999 0 0 999999999 1000000000
388214121 125342908 548868074 472595859 311818826 567396895
358535 1
0 0 0 0 0 1000000000
808285719 181516746 457811491 213625742 573534919 883966607
722117476 582486681 710749344 556264905 460691133 942488709
400000 1
568541512 404347569 145616920 482635214 241319870 568685913
568541512 404347569 145616920 482635214 241319870 568685913
102348 349079 321955 185973 48633 400000
183142 1
0 0 0 0 0 1000000000
54233819 233588827 652517955 439645500 633765065 730920453
28540651 200411595 309266081 388279285 208694390 516431106
183142 1
512191069 231838213 392303908 292236772 12701594 526853664
512191069 231838213 392303908 292236772 12701594 526853664
117678 73086 69336 59445 105431 183142
400000 1
115673983 61392006 93188939 127036953 141662670 561239716
999999999 999999999 0 0 999999999 1000000000
5856881 11857798 2569097 1208143 7980111 12660999
400000 1
74328362 151470218 103828647 286038933 227620878 355064176
74328362 151470218 103828647 286038933 227620878 355064176
136912 39795 132261 195543 10070 400000
309808 1
0 0 0 0 0 1000000000
999999999 999999999 0 0 999999999 1000000000
14093826 74553353 41266089 60470744 43059050 105841367
400000 1
7092588 156480701 31595379 246074336 241111118 404156916
7092588 156480701 31595379 246074336 241111118 404156916
171759 203260 9111 119490 111564 400000
400000 1
405908608 672526667 291924213 330304639 712156332 774838593
21244208 1519921 50591818 53003156 28440278 56344516
328269646 102605795 94004728 58869285 263785881 342297366
358535 1
5156393 7837174 11761638 20949180 23479667 25594713
999999999 999999999 0 0 999999999 1000000000
242357977 344044409 179608247 480469362 22825369 507966276
183142 1
0 0 0 0 0 1000000000
999999999 999999999 0 0 999999999 1000000000
144421824 67714101 193431269 175195721 84606820 200127550
400000 1
0 0 0 0 0 1000000000
999999999 999999999 0 0 999999999 1000000000
244716946 23665964 75509293 93636872 283297 315074389
400000 1
402171091 436184532 148012426 200760255 346467970 439865164
402171091 436184532 148012426 200760255 346467970 439865164
130829 174679 49277 230161 312904 400000
400000 1
415662218 691587655 406854209 647350168 383245643 760716586
415662218 691587655 406854209 647350168 383245643 760716586
157042 397416 11845 220405 15416 400000
400000 1
0 0 0 0 0 1000000000
999999999 999999999 0 0 999999999 1000000000
163645049 175193857 346285097 154238653 292154236 399862254
1 1
0 0 0 0 0 1
0 0 0 0 0 1
999999999 999999999 0 0 999999999 1000000000
400000 1
2693697 4271061 57500156 47839653 7484997 96142897
999999999 999999999 0 0 999999999 1000000000
569338348 635963435 445085627 51520204 842179608 975807195
400000 1
0 0 0 0 0 1000000000
999999999 999999999 0 0 999999999 1000000000
44150311 22880622 489911501 468938634 216092319 566548208
183142 1
17249961 4142520 282638 113995483 39255418 119425096
847473810 623350783 383273562 960559240 499679151 970130836
308646079 66777487 417253768 426155720 394086638 695537319
400000 1
370589063 515864292 252508124 131334400 553625999 639176041
999999999 999999999 0 0 999999999 1000000000
7110522 36945241 34845540 35519060 26414554 51994244
309808 1
35172615 94523706 16196002 92668671 43600585 96330850
37498404 204562686 145199969 208853052 206619341 229644190
25805577 71393479 50192654 58581753 15632740 74759153
183142 1
95457702 55214902 236070883 115707772 9593767 499245713
999999999 999999999 0 0 999999999 1000000000
47071918 282130773 73326070 122323674 357855606 457187084
55249 1
261391357 408095372 118935750 453940489 90185290 655848557
99398657 50478754 56238514 22155 11690269 107652450
164650817 182529530 312937923 274193685 80731613 548614968
186559 1
836549955 408342436 254187782 236531229 240739679 875617269
999999999 999999999 0 0 999999999 1000000000
172584758 291567626 130517257 17873980 25298815 443971117
400000 1
0 0 0 0 0 1000000000
999999999 999999999 0 0 999999999 1000000000
113407174 76827840 102752559 251818576 242595896 357382497
186559 1
0 0 0 0 0 1000000000
361863234 702739876 145912997 182567701 806064176 869646799
720968127 196978034 851942299 542236013 674692333 935607107
400000 1
352475748 748454955 16250230 583699320 427130664 862250942
352475748 748454955 16250230 583699320 427130664 862250942
319636 332145 395186 349082 386046 400000
400000 1
0 0 0 0 0 1000000000
999999999 999999999 0 0 999999999 1000000000
60735025 178046509 148447593 70216046 107685958 331000448
186559 1
12621760 19159159 150737850 291408784 199088760 345007879
12621760 19159159 150737850 291408784 199088760 345007879
164384 148203 95907 171158 53140 186559
186559 1
76852538 191035261 47057529 198963700 75844900 199412751
291098999 379468521 639540755 44467550 392263160 980388840
469788004 394715483 69280550 377427634 273859985 624433335
147713 1
933138611 272702403 805461436 719836884 109271592 939780674
469012902 119799541 228369248 523191053 572180670 641116754
485675141 491889446 383290682 466131084 67089807 501371685
400000 1
15085680 250662864 2803197 280775478 162814999 323236571
603004304 625576209 411222742 545071144 471073011 704548054
542674482 416538891 135631239 395273071 196546791 828641972
258282 1
0 0 0 0 0 1000000000
999999999 999999999 0 0 999999999 1000000000
173423614 48903778 159018034 186539302 26885399 202574075
66661 1
49612981 33541617 214181 76982984 25399040 81560106
824022139 226134943 996175079 270504872 438492425 997476949
268770586 263017749 86480527 299461617 323265176 423858179
400000 1
0 0 0 0 0 1000000000
899133567 401821592 538261147 840494445 265186718 932034404
364479771 61353247 372097510 239103811 183315361 378565490
400000 1
495938725 468313761 109082286 69731919 522169416 680865592
495938725 468313761 109082286 69731919 522169416 680865592
261940 156538 353548 7411 36400 400000
400000 1
73758303 9850666 20208397 66545938 79446673 93948829
73758303 9850666 20208397 66545938 79446673 93948829
262421 56562 37644 310321 61338 400000
400000 1
169221023 153707149 95801432 90991156 29344787 258355834
554317 93127867 50158636 84772890 2334566 111453987
166981700 332756675 76613167 184589160 193437593 475969835
400000 1
124119441 240507227 202604017 279676769 213349128 562098984
999999999 999999999 0 0 999999999 1000000000
26709886 20359612 148431300 114341442 141522109 159421629
258282 1
247452491 183326169 272461692 465910354 455580357 718789212
247452491 183326169 272461692 465910354 455580357 718789212
14182 156825 92990 106546 242730 258282
400000 1
285229970 151359468 259610331 41984678 154519321 348947294
285229970 151359468 259610331 41984678 154519321 348947294
42609 118785 151422 219842 362183 400000
400000 1
157759701 242400299 864421098 547045154 588944158 937524703
157759701 242400299 864421098 547045154 588944158 937524703
183794 45606 69471 314021 99551 400000
400000 1
689148764 278203916 618233904 465506017 741015720 930781668
197710917 161910697 360019066 46382255 88240688 429327467
65747098 640586203 610185891 193817030 510315673 663123795
358535 1
256022675 193078584 105451151 270141188 282753485 285572423
755339441 302875158 299553070 78942747 560901492 853879708
249477212 247823361 551314033 241782030 287647480 601000791
400000 1
0 0 0 0 0 1000000000
36836675 16036723 95089836 68784770 34409164 132145572
294497964 240733113 53176925 72842005 21337115 405662322
400000 1
198684720 240545138 5240625 3755813 61756528 375907434
198684720 240545138 5240625 3755813 61756528 375907434
242345 344489 44881 303732 1417 400000
358535 1
0 0 0 0 0 1000000000
999999999 999999999 0 0 999999999 1000000000
703691529 137157555 32552681 847595617 124279953 890522041
309808 1
0 0 0 0 0 1000000000
458442125 284929846 322303466 293379286 351565245 790720825
120530692 339148858 132332170 533247273 527970412 545622148
400000 1
42683124 227430954 56059605 166990126 555053954 700309326
42683124 227430954 56059605 166990126 555053954 700309326
98763 162935 307267 10703 308279 400000
400000 1
0 0 0 0 0 1000000000
999999999 999999999 0 0 999999999 1000000000
291486277 94783157 300205295 143025639 367791207 426410865
400000 1
600551495 224081765 515194721 63248066 21305183 602293766
999999999 999999999 0 0 999999999 1000000000
195415724 341652010 464294880 328334231 164773203 588795182
400000 1
430530942 352137299 63564956 437128216 493970092 517214466
430530942 352137299 63564956 437128216 493970092 517214466
283809 393828 296825 35925 7179 400000
400000 1
634192270 538515684 602310294 112152149 378937536 659305610
634192270 538515684 602310294 112152149 378937536 659305610
391173 236100 270531 16397 331079 400000
358535 1
202766231 17445820 44421106 39177792 489873934 617511025
202766231 17445820 44421106 39177792 489873934 617511025
139705 304004 227675 337291 225465 358535
258282 1
129982197 336975938 13651035 339821679 235192597 370133867
41885387 379613393 810889531 20946918 102939882 840254030
382280461 403346798 318253557 282530696 413852700 534697397
400000 1
0 0 0 0 0 1000000000
19434912 96566041 36805243 16315835 13071756 128098434
102055199 173009147 219930127 121280428 124030178 241188440
400000 1
692739869 777528727 306967406 392069053 272853151 847714312
692739869 777528727 306967406 392069053 272853151 847714312
106267 169929 262121 833 309585 400000
396247 1
0 0 0 0 0 1000000000
999999999 999999999 0 0 999999999 1000000000
564390204 567965158 538227396 129590913 31194005 662923522
400000 1
130818265 155777612 117622270 39266056 57395420 231178013
130818265 155777612 117622270 39266056 57395420 231178013
341207 115056 175906 45668 140441 400000
138688 1
228576898 386279194 52539846 474408485 578330707 737776184
3365085 8022346 31748458 68796827 58779476 102041823
157222962 18285587 319685971 226025532 519464431 575081509
400000 1
2361162 298898181 237851385 290168460 142072593 330432973
2361162 298898181 237851385 290168460 142072593 330432973
291224 376312 41920 12471 7035 400000
400000 1
0 0 0 0 0 1
999999999 999999999 0 0 999999999 1000000000
0 0 0 0 0 1
400000 1
0 0 0 0 0 1000000000
387821477 271126197 41140608 193191258 128343791 394174439
426782867 222296344 556786900 401155824 554438925 647656582
308860 1
26080360 70252079 76517800 75413451 21506998 96996674
351094664 545545741 4336227 661086465 455044024 771400758
268343584 471522096 436218703 191933759 795702329 902225801
340651 1
227495829 229082788 138507213 361547215 108997932 454102518
699404237 615189085 789495684 316235066 38125394 906216972
295941474 271840595 497479028 446836157 179895636 690486809
400000 1
292404364 170345140 263026403 254501503 141324632 300385339
292404364 170345140 263026403 254501503 141324632 300385339
319525 275668 311770 30473 393840 400000
400000 1
376537956 565880798 278177286 78980535 154129835 607142949
376537956 565880798 278177286 78980535 154129835 607142949
102992 343415 180902 328678 165220 400000
1 1
0 0 0 0 0 1
0 0 0 0 0 1
0 0 0 0 0 1
400000 1
0 0 0 0 0 1000000000
146930597 727066505 473051631 464393806 826303654 886553403
23677197 21000766 16555902 15225389 14012260 25287725
309808 1
381750651 376556619 612362129 429090739 637296215 711804771
381750651 376556619 612362129 429090739 637296215 711804771
33671 187815 285228 218683 227217 309808
400000 1
108081505 668878128 569324973 38999952 671908659 839491413
108081505 668878128 569324973 38999952 671908659 839491413
188948 151473 398649 4724 65487 400000
258282 1
300425265 306011491 172514119 294235760 12717190 330564450
999999999 999999999 0 0 999999999 1000000000
151166697 111884039 112812051 111501748 34096902 172450271
400000 1
340958032 138278029 315964956 183690435 145741698 380111505
4998729 3988121 297252 3272510 5370516 5856437
5989931 4624199 3867827 1656833 4315383 6455085
400000 1
741151954 948597504 711918567 523025238 120824880 996663445
741151954 948597504 711918567 523025238 120824880 996663445
239378 68413 291607 365662 250845 400000
309808 1
88471714 142213225 148071413 74309570 326585459 737393833
999999999 999999999 0 0 999999999 1000000000
172832568 290992807 483706226 115269764 61471831 637167338
400000 1
93032854 632566978 589169494 788862552 434021049 935105421
93032854 632566978 589169494 788862552 434021049 935105421
0 0 0 0 0 1
258282 1
0 0 0 0 0 1000000000
14598342 4488814 29439505 2676228 30161075 53499314
59644323 758599 388935921 409699967 481897339 496981526
400000 1
525954938 380510525 167714706 258266269 427919203 741281021
525954938 380510525 167714706 258266269 427919203 741281021
336802 299952 40159 112100 93426 400000
128852 1
368637010 98663456 236948165 208933074 338739322 373524679
40217177 127797854 44227091 8475575 95967611 136828924
41904532 456299897 509314237 634797392 138914504 666396596
400000 1
15545280 134178898 1116747 123241968 2797161 158311126
15545280 134178898 1116747 123241968 2797161 158311126
48957 143521 283349 234357 114670 400000
268100 1
414424027 91227577 659091466 735786696 6105825 808897999
682859449 247738614 588706083 336866312 880929731 947820681
27937385 152362137 250991038 357374158 281523046 359689463
400000 1
0 0 0 0 0 1000000000
38784054 74454343 100742238 87530299 100898510 111095420
17134475 254505739 867259982 480278196 846456493 919820390
396247 1
120321448 103054132 25109096 8406363 38926377 132494792
271053292 204803521 301578627 335537253 243086925 485461340
26554144 571633351 362398223 476214406 42062291 791503244
400000 1
618144116 183551694 818389684 852394153 514585234 870296571
618144116 183551694 818389684 852394153 514585234 870296571
283074 300545 397112 81049 3524 400000
400000 1
428316085 427850132 311463075 362757763 530793481 917975893
382517799 350166157 458223837 688538359 697540658 701923705
697134318 422926480 477176425 119129095 3928067 745350780
400000 1
119172055 3776092 225205705 176493027 53287067 226529330
119172055 3776092 225205705 176493027 53287067 226529330
365970 30182 184891 244281 383432 400000
400000 1
230764393 561481950 476307962 56138129 653941379 781554193
230764393 561481950 476307962 56138129 653941379 781554193
26416 387910 260628 149752 79118 400000
400000 1
171015187 361747171 361872996 135017494 362855903 777422633
171015187 361747171 361872996 135017494 362855903 777422633
284843 218703 320948 238951 59658 400000
400000 1
5395054 56375620 59126570 7641144 13546165 92334670
5395054 56375620 59126570 7641144 13546165 92334670
394066 384636 81316 295173 163794 400000
400000 1
781843531 699916615 10929630 743638829 589362461 967294782
781843531 699916615 10929630 743638829 589362461 967294782
3420 280563 41414 81674 264134 400000
396247 1
47054730 120743959 43478581 82081430 183093808 188403515
47054730 120743959 43478581 82081430 183093808 188403515
87464 44307 322476 322109 117036 396247
