50 50
5 34 89 10 76 4 79 4 7 16 20 90 12 95 88 84 57 22 70 53 2 5 83 6 33 73 51 4 48 34 38 91 94 33 26 87 77 21 71 46 44 81 59 80 1 69 44 56 99 97
22 88 19 19 85 14 12 27 38 64 74 9 17 21 76 26 51 65 44 34 61 11 95 9 21 56 60 96 3 27 46 66 55 27 50 96 77 17 81 97 93 94 86 2 96 35 15 41 30 71
89 66 29 21 73 90 34 59 28 56 83 66 86 34 49 83 19 93 79 49 26 23 7 68 86 76 55 93 14 22 30 35 80 10 100 25 97 88 59 1 99 26 19 65 42 12 21 40 5 97
23 35 64 98 75 32 94 51 50 42 53 90 79 55 40 13 16 55 28 82 22 94 25 5 95 95 47 96 81 45 13 21 94 82 29 85 23 35 26 11 57 88 53 77 40 4 85 87 34 31
65 60 80 53 16 93 75 54 77 22 78 24 34 7 22 88 61 96 42 93 52 69 32 49 42 57 43 54 56 4 94 56 85 54 26 67 37 82 7 88 10 39 21 99 89 26 88 67 67 55
88 62 67 96 15 34 19 20 15 12 49 1 53 23 4 13 14 56 78 93 56 34 69 42 88 31 85 75 25 21 4 95 85 97 25 97 26 71 61 65 48 28 19 37 13 12 9 56 34 48
23 73 100 44 16 35 89 84 91 16 75 72 96 95 53 95 67 63 37 8 83 5 2 80 43 72 96 55 65 87 40 71 40 34 68 25 20 35 62 93 94 68 68 29 78 80 12 20 28 22
33 44 74 58 33 57 56 23 36 68 75 19 86 25 60 13 68 7 92 37 85 28 44 15 46 51 22 17 50 36 64 90 48 1 66 62 34 11 87 5 19 23 52 75 23 41 35 77 29 100
49 81 29 27 10 1 35 56 14 86 52 15 25 16 68 85 62 61 91 70 15 58 12 11 48 91 2 28 10 87 25 41 14 51 65 3 22 31 78 74 71 79 32 65 48 75 55 89 74 46
93 93 85 19 95 9 54 47 41 26 85 65 46 14 88 76 31 100 100 41 63 62 60 33 43 25 64 3 63 61 87 17 61 45 25 18 35 49 70 4 87 79 83 61 98 95 74 32 30 70
19 57 98 60 82 95 66 76 27 33 50 32 29 54 77 63 26 18 46 47 37 29 24 2 89 90 3 39 89 1 98 96 48 37 2 28 84 89 47 70 45 56 34 56 31 82 31 49 32 68
23 7 3 39 64 13 6 57 100 95 17 49 67 36 43 32 81 45 48 56 68 55 55 60 42 39 2 4 69 75 81 54 78 52 23 93 87 66 67 97 73 63 21 51 73 80 87 23 55 12
34 43 39 23 81 61 18 6 58 100 77 55 30 19 39 91 94 63 37 82 23 6 25 59 2 59 13 25 84 48 58 18 75 42 6 65 74 4 53 69 86 31 34 67 2 100 14 88 83 29
59 25 87 77 42 91 35 38 85 3 99 46 39 96 43 94 12 42 71 92 93 27 14 63 87 28 3 31 64 59 3 56 95 54 95 28 55 83 37 99 18 81 20 46 34 77 53 13 65 86
39 62 61 98 47 83 86 26 97 74 27 72 70 79 86 7 38 42 80 46 31 95 76 97 54 74 23 40 94 30 73 65 63 73 29 88 29 48 6 49 41 53 60 50 43 82 41 50 33 92
50 45 82 56 88 93 74 49 39 80 25 14 43 51 91 49 22 86 11 96 91 57 51 82 72 3 18 30 98 56 87 16 43 64 61 64 44 14 36 87 60 86 51 19 49 15 22 74 42 72
18 78 53 45 62 44 45 25 72 26 31 1 97 81 88 43 81 71 74 72 55 33 16 62 80 72 63 39 84 61 10 42 49 87 32 47 3 76 21 97 17 90 42 33 18 11 65 70 94 11
33 19 7 22 17 32 31 82 51 33 95 85 62 47 77 29 36 29 93 15 82 86 41 51 69 63 63 63 67 56 27 62 44 74 89 22 25 76 60 31 86 50 28 14 51 93 18 23 73 32
41 26 98 50 2 16 15 81 35 20 36 66 13 47 1 94 21 26 47 89 32 85 68 73 81 45 75 66 55 94 48 95 46 65 52 95 7 5 11 37 27 58 97 16 95 35 55 7 50 57
74 57 55 52 65 96 10 69 20 79 20 52 63 100 33 86 75 14 94 15 27 92 23 18 59 10 54 37 62 9 77 99 16 18 72 51 78 77 95 42 80 28 46 48 91 25 18 3 17 23
15 21 62 74 66 67 9 36 46 77 6 32 97 96 60 93 40 46 37 78 39 77 73 28 13 78 69 23 72 59 41 54 95 43 80 46 53 33 86 6 34 92 75 12 59 89 46 61 82 13
72 33 34 49 94 17 100 83 27 14 55 59 27 95 30 45 77 10 39 41 80 47 54 28 85 88 6 13 58 20 71 73 81 74 1 98 86 49 68 50 3 22 57 66 3 85 59 72 49 36
41 42 90 8 87 44 52 69 67 97 68 84 47 25 94 79 48 89 47 1 13 75 28 7 87 44 13 17 95 79 92 97 59 48 72 93 81 41 60 67 34 100 28 90 57 45 70 18 6 49
52 1 42 67 65 32 12 77 49 72 89 63 67 5 24 36 58 22 31 69 89 98 86 6 70 62 62 89 68 41 100 34 25 64 31 49 48 66 26 86 88 15 70 34 32 3 52 40 32 6
2 87 19 46 92 63 46 8 89 22 82 58 41 92 42 60 37 49 72 77 41 46 52 65 6 18 12 45 20 27 26 71 69 99 95 98 79 80 21 24 11 91 3 22 38 72 27 75 20 79
65 5 34 65 50 29 4 79 100 49 28 86 88 99 77 22 63 47 36 28 73 25 7 17 55 88 83 77 84 18 79 60 55 26 65 76 3 62 13 63 82 36 99 39 14 91 50 15 33 85
34 3 36 48 94 67 94 14 95 76 69 17 91 59 34 51 57 42 13 13 88 60 84 34 82 1 84 3 83 50 47 80 74 2 20 13 67 21 40 26 50 31 51 20 71 21 94 65 55 88
38 46 61 38 56 71 80 16 94 6 77 44 79 96 48 76 87 28 27 35 13 89 17 69 84 58 76 65 95 84 26 64 76 13 2 75 88 78 90 57 53 30 11 92 71 36 35 9 79 89
14 14 1 3 20 39 1 89 70 95 57 100 99 84 81 49 57 65 31 93 32 87 19 21 34 66 29 41 39 46 90 43 75 33 89 4 38 23 55 51 56 87 5 69 53 91 52 48 42 7
36 18 81 2 70 12 5 87 24 24 58 58 27 91 35 89 59 31 12 28 76 37 46 34 25 18 33 86 4 20 18 18 53 62 73 59 60 23 21 45 60 26 41 13 82 21 21 80 96 30
6 58 82 27 93 3 38 81 67 36 71 62 85 89 65 37 66 41 31 94 57 87 73 34 35 40 58 73 38 56 81 11 3 45 68 20 89 6 29 24 46 97 32 57 82 88 52 22 5 60
37 84 58 94 99 99 70 93 45 7 97 77 60 59 15 50 81 38 1 36 84 52 15 26 83 43 25 100 62 3 69 57 16 74 12 32 6 76 74 95 14 71 15 45 15 90 79 25 83 51
38 96 53 5 9 37 36 11 36 47 75 34 84 99 55 60 78 76 26 26 60 87 85 96 52 10 56 27 19 20 53 52 80 30 50 26 25 41 51 68 8 71 67 4 70 18 22 98 61 11
91 9 36 47 90 35 7 32 29 64 82 45 15 21 82 67 93 97 10 43 4 11 16 20 19 41 40 3 33 24 100 35 33 57 29 10 18 64 52 49 45 27 45 39 45 21 40 10 61 100
9 9 56 24 98 21 69 40 61 8 24 98 80 26 49 6 59 72 63 39 37 11 44 49 35 3 35 38 91 39 66 88 53 2 45 74 74 46 94 3 95 48 43 95 24 4 33 91 8 94
78 7 47 13 34 30 9 32 25 78 47 50 56 85 31 42 28 87 37 11 71 32 23 64 54 84 97 67 46 57 5 95 60 34 13 28 23 10 10 14 71 30 23 12 71 50 59 50 46 1
83 13 34 32 52 94 37 81 2 61 53 80 81 55 19 70 69 39 83 60 43 1 9 74 80 76 91 45 72 37 17 13 87 59 61 79 79 37 88 22 52 6 40 8 50 87 21 56 59 42
86 93 32 74 95 6 81 71 56 36 99 75 79 39 62 65 18 53 95 85 20 35 35 68 37 57 84 62 76 48 100 77 68 22 28 72 98 77 3 32 74 92 59 69 50 11 27 28 11 69
10 27 91 59 42 61 31 14 48 76 10 25 84 97 65 64 72 63 68 25 90 47 53 17 61 14 68 52 79 23 7 45 92 46 78 95 42 73 14 5 98 94 65 85 74 65 13 6 63 48
7 72 97 8 29 55 4 2 79 4 85 34 9 3 6 86 74 91 74 38 5 52 45 35 67 78 42 21 12 71 22 82 29 95 52 92 43 81 81 54 85 93 22 93 83 100 32 88 17 51
55 38 94 88 58 51 91 9 70 54 63 18 28 85 68 58 92 82 97 12 40 49 65 32 74 9 28 31 13 83 33 99 9 60 32 12 64 55 57 34 44 59 96 44 86 42 70 44 93 6
92 65 16 31 19 57 96 1 8 62 82 3 57 43 95 9 71 26 80 86 37 65 24 81 9 81 56 92 65 55 2 9 33 93 42 36 91 19 21 34 55 91 26 37 12 78 53 64 31 36
14 44 51 97 79 6 32 65 89 7 100 13 48 42 51 23 37 33 77 28 52 19 97 92 94 36 100 89 28 17 92 51 65 93 71 16 84 32 27 36 94 20 67 95 59 1 45 46 10 45
21 74 70 8 62 3 21 80 8 44 36 4 38 83 53 26 13 20 88 70 21 33 70 58 41 29 74 63 49 25 28 29 47 38 94 69 11 100 36 77 68 63 72 6 50 80 95 26 13 70
83 9 41 69 74 77 52 30 73 15 58 29 20 67 67 52 17 79 70 65 59 32 32 57 1 18 74 94 91 42 19 6 96 80 81 60 85 93 71 68 9 89 68 26 97 73 70 36 74 93
64 13 97 40 32 88 62 8 55 12 4 48 64 23 36 31 64 90 76 51 90 29 10 93 42 24 36 51 30 61 74 11 18 31 51 62 48 34 4 61 6 27 19 50 62 6 10 15 46 79
74 26 14 22 43 52 74 99 65 36 100 52 65 46 54 8 76 49 44 32 83 68 69 31 11 12 42 88 75 34 51 87 100 83 29 75 17 29 23 94 71 24 21 57 70 21 94 4 89 53
32 70 26 37 22 24 45 92 85 59 55 67 99 37 62 20 8 68 15 37 49 27 67 71 11 72 18 4 92 79 93 14 77 87 2 17 71 38 81 12 17 60 17 71 46 98 27 27 3 36
58 31 77 16 88 30 40 17 48 40 2 100 85 73 17 45 22 35 58 76 30 24 16 50 69 48 76 66 20 56 15 65 46 79 93 49 27 15 59 28 5 88 43 36 84 29 81 58 70 99
54 80 65 70 73 47 60 77 42 81 88 21 94 29 46 57 22 20 99 33 67 96 72 16 30 92 68 42 78 91 72 26 99 60 13 88 64 49 46 18 94 46 4 32 42 21 6 58 52 88